Aux out [V]	Aux in [V]	PDH out [a.u.]
-4.1607E-1	9.9989E-1	-6.2700E+2
-4.1572E-1	9.9940E-1	-1.1300E+3
-4.1548E-1	1.0013E+0	1.7600E+2
-4.1513E-1	1.0013E+0	-5.9600E+2
-4.1478E-1	1.0013E+0	-1.0110E+3
-4.1442E-1	1.0009E+0	-7.5800E+2
-4.1407E-1	9.9965E-1	-5.3200E+2
-4.1384E-1	1.0018E+0	-5.1100E+2
-4.1348E-1	1.0023E+0	-9.5400E+2
-4.1313E-1	1.0018E+0	-1.7300E+2
-4.1278E-1	1.0009E+0	-5.0600E+2
-4.1242E-1	1.0021E+0	-8.0600E+2
-4.1219E-1	1.0043E+0	-8.1900E+2
-4.1184E-1	1.0033E+0	-6.4800E+2
-4.1148E-1	1.0040E+0	-9.1100E+2
-4.1113E-1	1.0045E+0	-7.0900E+2
-4.1078E-1	1.0043E+0	-9.2600E+2
-4.1054E-1	1.0035E+0	-6.8900E+2
-4.1019E-1	1.0050E+0	-1.1940E+3
-4.0984E-1	1.0050E+0	-9.4500E+2
-4.0948E-1	1.0057E+0	-6.6700E+2
-4.0913E-1	1.0064E+0	-8.0900E+2
-4.0878E-1	1.0047E+0	-1.3750E+3
-4.0854E-1	1.0077E+0	-5.2800E+2
-4.0819E-1	1.0089E+0	-4.8200E+2
-4.0784E-1	1.0064E+0	-9.1100E+2
-4.0748E-1	1.0060E+0	-6.5900E+2
-4.0713E-1	1.0084E+0	6.3000E+1
-4.0689E-1	1.0074E+0	-4.7400E+2
-4.0654E-1	1.0086E+0	-5.7100E+2
-4.0619E-1	1.0101E+0	-6.1400E+2
-4.0584E-1	1.0101E+0	-7.1000E+2
-4.0548E-1	1.0089E+0	-7.2400E+2
-4.0525E-1	1.0081E+0	-8.8000E+2
-4.0489E-1	1.0091E+0	-1.0000E+3
-4.0454E-1	1.0079E+0	-5.8500E+2
-4.0419E-1	1.0089E+0	-6.9200E+2
-4.0384E-1	1.0098E+0	-5.5100E+2
-4.0348E-1	1.0101E+0	-3.6000E+1
-4.0325E-1	1.0101E+0	-5.2200E+2
-4.0289E-1	1.0111E+0	-2.9800E+2
-4.0254E-1	1.0111E+0	-5.0600E+2
-4.0219E-1	1.0103E+0	-3.1000E+2
-4.0184E-1	1.0128E+0	-6.2600E+2
-4.0160E-1	1.0111E+0	-8.3500E+2
-4.0125E-1	1.0113E+0	-5.8300E+2
-4.0089E-1	1.0106E+0	-8.4700E+2
-4.0054E-1	1.0132E+0	1.2000E+2
-4.0019E-1	1.0106E+0	-8.0400E+2
-3.9995E-1	1.0118E+0	-1.5000E+2
-3.9960E-1	1.0108E+0	-5.2000E+2
-3.9925E-1	1.0125E+0	-4.7100E+2
-3.9889E-1	1.0115E+0	-8.5500E+2
-3.9854E-1	1.0115E+0	-1.8800E+2
-3.9831E-1	1.0115E+0	-7.8200E+2
-3.9795E-1	1.0106E+0	-3.7000E+2
-3.9760E-1	1.0115E+0	-6.2400E+2
-3.9725E-1	1.0115E+0	-4.1000E+1
-3.9689E-1	1.0120E+0	-1.8400E+2
-3.9654E-1	1.0125E+0	-8.0000E+0
-3.9631E-1	1.0113E+0	-3.7700E+2
-3.9595E-1	1.0115E+0	-1.1200E+2
-3.9560E-1	1.0108E+0	-5.9100E+2
-3.9525E-1	1.0137E+0	-6.8100E+2
-3.9489E-1	1.0115E+0	-2.5800E+2
-3.9466E-1	1.0103E+0	-3.8600E+2
-3.9431E-1	1.0106E+0	-8.9700E+2
-3.9395E-1	1.0125E+0	-2.2200E+2
-3.9360E-1	1.0118E+0	-6.1300E+2
-3.9325E-1	1.0103E+0	-5.0400E+2
-3.9301E-1	1.0103E+0	-6.6500E+2
-3.9266E-1	1.0108E+0	-1.2200E+2
-3.9231E-1	1.0098E+0	-4.1100E+2
-3.9195E-1	1.0111E+0	-1.1400E+2
-3.9160E-1	1.0108E+0	-2.6500E+2
-3.9136E-1	1.0103E+0	-3.7000E+2
-3.9101E-1	1.0089E+0	-1.8100E+2
-3.9066E-1	1.0084E+0	-5.4600E+2
-3.9031E-1	1.0084E+0	-8.3200E+2
-3.8995E-1	1.0086E+0	-9.5400E+2
-3.8960E-1	1.0094E+0	-9.7000E+1
-3.8936E-1	1.0079E+0	-6.0200E+2
-3.8901E-1	1.0089E+0	-4.8200E+2
-3.8866E-1	1.0067E+0	-9.5000E+1
-3.8831E-1	1.0067E+0	-4.3200E+2
-3.8795E-1	1.0062E+0	-3.6000E+1
-3.8772E-1	1.0077E+0	-8.1200E+2
-3.8736E-1	1.0062E+0	-6.7000E+1
-3.8701E-1	1.0060E+0	-2.1300E+2
-3.8666E-1	1.0050E+0	-6.7500E+2
-3.8631E-1	1.0062E+0	-4.9300E+2
-3.8607E-1	1.0045E+0	-9.3600E+2
-3.8572E-1	1.0038E+0	-1.0900E+2
-3.8536E-1	1.0045E+0	-3.1800E+2
-3.8501E-1	1.0045E+0	1.4700E+2
-3.8466E-1	1.0023E+0	-2.8500E+2
-3.8442E-1	1.0035E+0	-6.9600E+2
-3.8407E-1	1.0021E+0	-3.5100E+2
-3.8372E-1	1.0013E+0	-5.5800E+2
-3.8336E-1	1.0018E+0	-6.4000E+1
-3.8301E-1	1.0018E+0	-5.8000E+1
-3.8266E-1	1.0009E+0	-3.2200E+2
-3.8242E-1	9.9916E-1	-1.0600E+2
-3.8207E-1	9.9843E-1	-4.1700E+2
-3.8172E-1	9.9965E-1	-1.9600E+2
-3.8136E-1	9.9843E-1	1.0500E+2
-3.8101E-1	9.9722E-1	-5.6500E+2
-3.8078E-1	9.9722E-1	-5.1100E+2
-3.8042E-1	9.9746E-1	-3.7500E+2
-3.8007E-1	9.9649E-1	5.6900E+2
-3.7972E-1	9.9503E-1	-2.7000E+1
-3.7936E-1	9.9576E-1	-2.5200E+2
-3.7913E-1	9.9381E-1	1.5300E+2
-3.7878E-1	9.9333E-1	-8.2000E+1
-3.7842E-1	9.9309E-1	-2.3500E+2
-3.7807E-1	9.9163E-1	-2.0900E+2
-3.7772E-1	9.9139E-1	-3.5700E+2
-3.7736E-1	9.9090E-1	6.5000E+2
-3.7713E-1	9.8896E-1	-1.6200E+2
-3.7677E-1	9.8871E-1	-1.1900E+2
-3.7642E-1	9.8920E-1	-4.5600E+2
-3.7607E-1	9.8798E-1	6.1000E+1
-3.7572E-1	9.8580E-1	-1.3400E+2
-3.7548E-1	9.8628E-1	3.6000E+2
-3.7513E-1	9.8653E-1	8.8000E+1
-3.7477E-1	9.8483E-1	-5.7500E+2
-3.7442E-1	9.8434E-1	-2.5000E+1
-3.7407E-1	9.8434E-1	-5.7500E+2
-3.7383E-1	9.8264E-1	-4.3300E+2
-3.7348E-1	9.8070E-1	-2.3200E+2
-3.7313E-1	9.7997E-1	-1.0100E+2
-3.7277E-1	9.8045E-1	4.1700E+2
-3.7242E-1	9.7875E-1	7.6400E+2
-3.7219E-1	9.7778E-1	1.8600E+2
-3.7183E-1	9.7851E-1	-4.0500E+2
-3.7148E-1	9.7657E-1	3.5500E+2
-3.7113E-1	9.7608E-1	-4.6400E+2
-3.7077E-1	9.7584E-1	5.5600E+2
-3.7042E-1	9.7317E-1	1.7400E+2
-3.7019E-1	9.7122E-1	2.2200E+2
-3.6983E-1	9.7268E-1	7.5000E+1
-3.6948E-1	9.6976E-1	3.7400E+2
-3.6913E-1	9.7098E-1	-1.4400E+2
-3.6877E-1	9.6806E-1	-3.4100E+2
-3.6854E-1	9.6539E-1	-5.5200E+2
-3.6819E-1	9.6515E-1	2.9000E+1
-3.6783E-1	9.6345E-1	5.5000E+2
-3.6748E-1	9.6393E-1	2.2000E+1
-3.6713E-1	9.6272E-1	4.5800E+2
-3.6689E-1	9.6102E-1	1.6000E+1
-3.6642E-1	9.6005E-1	4.7000E+1
-3.6619E-1	9.5932E-1	-1.1500E+2
-3.6583E-1	9.5810E-1	3.5200E+2
-3.6548E-1	9.5665E-1	-3.1000E+1
-3.6524E-1	9.5713E-1	6.3100E+2
-3.6477E-1	9.5470E-1	3.2600E+2
-3.6454E-1	9.5349E-1	6.1000E+2
-3.6419E-1	9.5324E-1	3.6000E+2
-3.6383E-1	9.5106E-1	1.8200E+2
-3.6348E-1	9.5009E-1	5.4600E+2
-3.6324E-1	9.4814E-1	3.3200E+2
-3.6289E-1	9.4790E-1	3.4000E+1
-3.6254E-1	9.4547E-1	5.3000E+1
-3.6219E-1	9.4450E-1	3.3600E+2
-3.6183E-1	9.4426E-1	4.7100E+2
-3.6160E-1	9.4231E-1	3.2800E+2
-3.6124E-1	9.4037E-1	-8.6000E+1
-3.6089E-1	9.3745E-1	5.3500E+2
-3.6054E-1	9.3794E-1	2.0800E+2
-3.6019E-1	9.3673E-1	4.2000E+1
-3.5995E-1	9.3551E-1	1.5900E+2
-3.5948E-1	9.3211E-1	1.8400E+2
-3.5924E-1	9.3260E-1	4.0300E+2
-3.5889E-1	9.2871E-1	7.4600E+2
-3.5854E-1	9.2895E-1	-1.0600E+2
-3.5819E-1	9.2822E-1	5.8000E+2
-3.5783E-1	9.2677E-1	4.5300E+2
-3.5760E-1	9.2531E-1	9.2000E+1
-3.5724E-1	9.2336E-1	5.1300E+2
-3.5689E-1	9.2312E-1	3.9900E+2
-3.5654E-1	9.2045E-1	4.3800E+2
-3.5619E-1	9.1948E-1	1.2900E+2
-3.5595E-1	9.1826E-1	5.9500E+2
-3.5560E-1	9.1680E-1	4.4900E+2
-3.5524E-1	9.1243E-1	4.6200E+2
-3.5489E-1	9.1146E-1	2.6900E+2
-3.5466E-1	9.1097E-1	-2.5800E+2
-3.5430E-1	9.0733E-1	-1.8000E+1
-3.5395E-1	9.0879E-1	4.6500E+2
-3.5360E-1	9.0490E-1	-1.9100E+2
-3.5324E-1	9.0320E-1	3.1800E+2
-3.5301E-1	9.0271E-1	4.8000E+2
-3.5254E-1	9.0101E-1	8.0700E+2
-3.5230E-1	9.0004E-1	1.8200E+2
-3.5195E-1	8.9858E-1	3.7400E+2
-3.5160E-1	8.9518E-1	3.7500E+2
-3.5124E-1	8.9251E-1	3.2000E+2
-3.5089E-1	8.9081E-1	5.7900E+2
-3.5066E-1	8.8960E-1	3.4000E+2
-3.5030E-1	8.8911E-1	6.4700E+2
-3.4995E-1	8.8644E-1	4.5000E+2
-3.4960E-1	8.8547E-1	5.1000E+2
-3.4924E-1	8.8304E-1	7.1500E+2
-3.4901E-1	8.8085E-1	2.1000E+1
-3.4866E-1	8.7964E-1	8.7300E+2
-3.4830E-1	8.7891E-1	-3.8000E+1
-3.4795E-1	8.7526E-1	5.1000E+2
-3.4760E-1	8.7259E-1	-2.2500E+2
-3.4736E-1	8.7283E-1	6.4700E+2
-3.4701E-1	8.6919E-1	6.2000E+1
-3.4666E-1	8.6798E-1	5.0100E+2
-3.4630E-1	8.6603E-1	8.1300E+2
-3.4607E-1	8.6312E-1	3.5800E+2
-3.4560E-1	8.6190E-1	2.3800E+2
-3.4536E-1	8.6142E-1	5.6800E+2
-3.4501E-1	8.5850E-1	2.3100E+2
-3.4465E-1	8.5534E-1	4.4500E+2
-3.4430E-1	8.5413E-1	6.7600E+2
-3.4395E-1	8.5000E-1	7.0000E+1
-3.4371E-1	8.4927E-1	1.0800E+3
-3.4336E-1	8.4708E-1	3.3400E+2
-3.4301E-1	8.4563E-1	8.8800E+2
-3.4265E-1	8.4441E-1	5.8200E+2
-3.4230E-1	8.4150E-1	6.6400E+2
-3.4207E-1	8.4004E-1	3.2200E+2
-3.4171E-1	8.3761E-1	1.6000E+2
-3.4136E-1	8.3518E-1	5.0900E+2
-3.4101E-1	8.3421E-1	1.0740E+3
-3.4065E-1	8.3129E-1	1.2600E+3
-3.4030E-1	8.3081E-1	4.8100E+2
-3.4007E-1	8.2571E-1	6.4200E+2
-3.3971E-1	8.2498E-1	5.3100E+2
-3.3936E-1	8.2206E-1	3.0700E+2
-3.3901E-1	8.2036E-1	5.8000E+2
-3.3865E-1	8.1745E-1	5.7600E+2
-3.3842E-1	8.1502E-1	6.9000E+2
-3.3807E-1	8.1356E-1	9.8800E+2
-3.3771E-1	8.1089E-1	7.1200E+2
-3.3736E-1	8.0870E-1	1.1610E+3
-3.3701E-1	8.0530E-1	5.9200E+2
-3.3677E-1	8.0676E-1	3.5700E+2
-3.3642E-1	8.0214E-1	4.1600E+2
-3.3607E-1	8.0141E-1	1.0580E+3
-3.3571E-1	7.9680E-1	6.8700E+2
-3.3536E-1	7.9704E-1	1.1260E+3
-3.3512E-1	7.9388E-1	1.3240E+3
-3.3477E-1	7.8999E-1	9.5000E+2
-3.3442E-1	7.8659E-1	3.2400E+2
-3.3407E-1	7.8489E-1	1.1040E+3
-3.3371E-1	7.8392E-1	3.4000E+2
-3.3348E-1	7.8246E-1	6.4100E+2
-3.3312E-1	7.7833E-1	7.6800E+2
-3.3277E-1	7.7566E-1	8.1100E+2
-3.3242E-1	7.7372E-1	3.1300E+2
-3.3207E-1	7.7275E-1	4.2400E+2
-3.3171E-1	7.6837E-1	4.5400E+2
-3.3148E-1	7.6619E-1	5.7700E+2
-3.3112E-1	7.6473E-1	4.5800E+2
-3.3077E-1	7.6084E-1	1.1600E+3
-3.3042E-1	7.5866E-1	4.7700E+2
-3.3007E-1	7.5793E-1	6.2900E+2
-3.2983E-1	7.5428E-1	1.0940E+3
-3.2948E-1	7.5283E-1	1.0200E+3
-3.2912E-1	7.4942E-1	8.9400E+2
-3.2877E-1	7.4724E-1	9.0700E+2
-3.2842E-1	7.4627E-1	9.7700E+2
-3.2818E-1	7.4286E-1	1.0620E+3
-3.2783E-1	7.4068E-1	5.9700E+2
-3.2748E-1	7.3801E-1	9.3700E+2
-3.2712E-1	7.3606E-1	6.4400E+2
-3.2677E-1	7.3339E-1	1.0030E+3
-3.2642E-1	7.3218E-1	2.9800E+2
-3.2618E-1	7.2999E-1	6.1700E+2
-3.2583E-1	7.2707E-1	6.8700E+2
-3.2548E-1	7.2270E-1	-5.7000E+1
-3.2512E-1	7.2076E-1	9.0800E+2
-3.2477E-1	7.1833E-1	8.8300E+2
-3.2454E-1	7.1736E-1	5.9100E+2
-3.2418E-1	7.1444E-1	7.9000E+2
-3.2383E-1	7.1080E-1	6.0300E+2
-3.2348E-1	7.1007E-1	1.5700E+2
-3.2312E-1	7.0643E-1	9.2100E+2
-3.2289E-1	7.0351E-1	7.3200E+2
-3.2254E-1	7.0254E-1	9.3500E+2
-3.2218E-1	6.9841E-1	8.8700E+2
-3.2183E-1	6.9695E-1	1.1960E+3
-3.2148E-1	6.9428E-1	1.0800E+2
-3.2124E-1	6.9136E-1	1.2130E+3
-3.2089E-1	6.8893E-1	8.4000E+2
-3.2054E-1	6.8699E-1	1.0190E+3
-3.2018E-1	6.8456E-1	4.7500E+2
-3.1983E-1	6.8116E-1	8.8400E+2
-3.1948E-1	6.8019E-1	9.9100E+2
-3.1924E-1	6.7776E-1	1.1450E+3
-3.1889E-1	6.7654E-1	8.7200E+2
-3.1854E-1	6.7436E-1	9.7600E+2
-3.1818E-1	6.7096E-1	6.0400E+2
-3.1783E-1	6.6780E-1	5.8800E+2
-3.1759E-1	6.6415E-1	1.9700E+2
-3.1724E-1	6.6367E-1	9.9700E+2
-3.1689E-1	6.6002E-1	3.2600E+2
-3.1654E-1	6.5881E-1	9.6100E+2
-3.1618E-1	6.5541E-1	3.7100E+2
-3.1595E-1	6.5298E-1	5.7800E+2
-3.1559E-1	6.5055E-1	1.3150E+3
-3.1524E-1	6.4958E-1	7.7200E+2
-3.1489E-1	6.4593E-1	7.7600E+2
-3.1453E-1	6.4375E-1	9.5700E+2
-3.1430E-1	6.3913E-1	1.1880E+3
-3.1395E-1	6.3865E-1	1.1240E+3
-3.1359E-1	6.3452E-1	5.6400E+2
-3.1324E-1	6.3427E-1	1.3240E+3
-3.1289E-1	6.3306E-1	6.5400E+2
-3.1253E-1	6.2844E-1	5.8300E+2
-3.1230E-1	6.2480E-1	1.0410E+3
-3.1195E-1	6.2699E-1	4.6200E+2
-3.1159E-1	6.2237E-1	1.3030E+3
-3.1124E-1	6.2091E-1	5.1900E+2
-3.1089E-1	6.2018E-1	1.7300E+2
-3.1065E-1	6.1678E-1	5.7800E+2
-3.1030E-1	6.1120E-1	9.9400E+2
-3.0995E-1	6.0974E-1	1.2650E+3
-3.0959E-1	6.0828E-1	7.4600E+2
-3.0924E-1	6.0755E-1	7.8700E+2
-3.0901E-1	6.0488E-1	1.0760E+3
-3.0865E-1	6.0196E-1	7.6900E+2
-3.0830E-1	5.9929E-1	6.0300E+2
-3.0795E-1	5.9735E-1	4.3900E+2
-3.0759E-1	5.9468E-1	7.4900E+2
-3.0724E-1	5.9443E-1	4.5500E+2
-3.0701E-1	5.9127E-1	4.8900E+2
-3.0665E-1	5.8885E-1	1.1900E+3
-3.0630E-1	5.8690E-1	6.0400E+2
-3.0595E-1	5.8326E-1	8.7900E+2
-3.0559E-1	5.8253E-1	1.0980E+3
-3.0536E-1	5.8034E-1	2.5100E+2
-3.0500E-1	5.7791E-1	3.8500E+2
-3.0465E-1	5.7500E-1	7.0600E+2
-3.0430E-1	5.7184E-1	1.0470E+3
-3.0395E-1	5.7038E-1	7.9800E+2
-3.0371E-1	5.7014E-1	6.8100E+2
-3.0336E-1	5.6795E-1	6.4500E+2
-3.0300E-1	5.6382E-1	3.8000E+2
-3.0265E-1	5.6285E-1	8.7500E+2
-3.0230E-1	5.5945E-1	1.0340E+3
-3.0206E-1	5.5824E-1	8.9100E+2
-3.0171E-1	5.5556E-1	4.9800E+2
-3.0136E-1	5.5386E-1	3.0800E+2
-3.0100E-1	5.5362E-1	6.6000E+2
-3.0065E-1	5.4998E-1	8.7600E+2
-3.0030E-1	5.4876E-1	9.7200E+2
-3.0006E-1	5.4633E-1	7.2800E+2
-2.9971E-1	5.4536E-1	4.2100E+2
-2.9936E-1	5.4172E-1	1.0690E+3
-2.9900E-1	5.4123E-1	1.1620E+3
-2.9865E-1	5.3880E-1	1.0210E+3
-2.9842E-1	5.3661E-1	6.9700E+2
-2.9806E-1	5.3491E-1	8.7600E+2
-2.9771E-1	5.3200E-1	7.1800E+2
-2.9736E-1	5.3200E-1	1.9200E+2
-2.9700E-1	5.3006E-1	7.8700E+2
-2.9677E-1	5.2884E-1	6.5500E+2
-2.9642E-1	5.2714E-1	1.5800E+2
-2.9606E-1	5.2423E-1	6.8400E+2
-2.9571E-1	5.2495E-1	9.9000E+1
-2.9536E-1	5.2277E-1	1.7800E+2
-2.9512E-1	5.2107E-1	4.6300E+2
-2.9477E-1	5.2082E-1	1.0000E+0
-2.9442E-1	5.1839E-1	1.0900E+2
-2.9406E-1	5.1888E-1	6.5400E+2
-2.9371E-1	5.2010E-1	5.8900E+2
-2.9336E-1	5.1669E-1	9.5100E+2
-2.9312E-1	5.1548E-1	5.4800E+2
-2.9277E-1	5.1305E-1	8.9200E+2
-2.9242E-1	5.1281E-1	6.3600E+2
-2.9206E-1	5.1038E-1	1.1480E+3
-2.9171E-1	5.0722E-1	5.9300E+2
-2.9147E-1	5.0601E-1	3.0600E+2
-2.9112E-1	5.0358E-1	2.1200E+2
-2.9077E-1	5.0260E-1	4.6500E+2
-2.9042E-1	5.0017E-1	3.7400E+2
-2.9006E-1	5.0017E-1	-2.9000E+1
-2.8983E-1	5.0042E-1	4.5700E+2
-2.8947E-1	4.9799E-1	1.3400E+2
-2.8912E-1	4.9677E-1	4.0400E+2
-2.8877E-1	4.9629E-1	2.5900E+2
-2.8842E-1	4.9629E-1	1.2900E+2
-2.8818E-1	4.9580E-1	-2.5000E+2
-2.8783E-1	4.9580E-1	-4.5200E+2
-2.8747E-1	4.9677E-1	-1.2960E+3
-2.8712E-1	4.9823E-1	-1.2980E+3
-2.8677E-1	4.9872E-1	-1.0490E+3
-2.8642E-1	5.0017E-1	-5.2000E+1
-2.8618E-1	4.9872E-1	2.0500E+2
-2.8583E-1	4.9702E-1	7.9200E+2
-2.8547E-1	4.9362E-1	1.4660E+3
-2.8512E-1	4.9216E-1	1.0700E+3
-2.8477E-1	4.8803E-1	1.5380E+3
-2.8453E-1	4.8657E-1	1.1290E+3
-2.8418E-1	4.8317E-1	8.2300E+2
-2.8383E-1	4.8001E-1	1.5000E+2
-2.8347E-1	4.7710E-1	3.3400E+2
-2.8312E-1	4.7637E-1	-2.1000E+2
-2.8289E-1	4.7710E-1	8.2800E+2
-2.8253E-1	4.7515E-1	-2.2700E+2
-2.8218E-1	4.7540E-1	-1.1100E+2
-2.8183E-1	4.7442E-1	-1.6600E+2
-2.8147E-1	4.7588E-1	-3.6100E+2
-2.8112E-1	4.7442E-1	-4.8100E+2
-2.8089E-1	4.7564E-1	-7.8000E+1
-2.8053E-1	4.7734E-1	-7.8500E+2
-2.8018E-1	4.7880E-1	-9.4300E+2
-2.7983E-1	4.8025E-1	-8.6200E+2
-2.7947E-1	4.7977E-1	-3.1000E+2
-2.7924E-1	4.7928E-1	1.1400E+2
-2.7889E-1	4.7855E-1	6.7600E+2
-2.7853E-1	4.7540E-1	4.3700E+2
-2.7818E-1	4.7297E-1	4.5200E+2
-2.7783E-1	4.7248E-1	9.0300E+2
-2.7759E-1	4.7151E-1	8.7800E+2
-2.7724E-1	4.7102E-1	1.3400E+3
-2.7689E-1	4.7248E-1	8.7000E+1
-2.7653E-1	4.7054E-1	-2.8900E+2
-2.7618E-1	4.7078E-1	-6.4700E+2
-2.7594E-1	4.7418E-1	-2.9300E+2
-2.7559E-1	4.7442E-1	-4.7500E+2
-2.7524E-1	4.7734E-1	-7.4500E+2
-2.7488E-1	4.8511E-1	-1.6360E+3
-2.7453E-1	4.9726E-1	-2.7640E+3
-2.7418E-1	5.1815E-1	-3.6070E+3
-2.7394E-1	5.3103E-1	-3.4660E+3
-2.7359E-1	5.4147E-1	-2.7650E+3
-2.7324E-1	5.4803E-1	-4.1600E+2
-2.7288E-1	5.4415E-1	2.0790E+3
-2.7253E-1	5.2714E-1	3.6200E+3
-2.7230E-1	5.0965E-1	3.0750E+3
-2.7194E-1	5.0017E-1	3.0670E+3
-2.7159E-1	4.9070E-1	2.0350E+3
-2.7124E-1	4.8414E-1	1.0930E+3
-2.7088E-1	4.7880E-1	1.0100E+3
-2.7065E-1	4.7467E-1	4.3600E+2
-2.7018E-1	4.7370E-1	4.3400E+2
-2.6994E-1	4.7370E-1	-2.8200E+2
-2.6959E-1	4.7224E-1	-5.1700E+2
-2.6924E-1	4.7588E-1	-1.1360E+3
-2.6900E-1	4.8098E-1	-1.8830E+3
-2.6865E-1	4.8900E-1	-2.5000E+3
-2.6830E-1	5.0066E-1	-2.5690E+3
-2.6794E-1	5.1038E-1	-4.0400E+3
-2.6759E-1	5.2617E-1	-5.0960E+3
-2.6724E-1	5.4876E-1	-5.8950E+3
-2.6700E-1	5.7354E-1	-4.5010E+3
-2.6665E-1	5.8739E-1	-2.6930E+3
-2.6630E-1	5.9346E-1	-7.6300E+2
-2.6594E-1	5.8714E-1	2.3240E+3
-2.6559E-1	5.7427E-1	4.4690E+3
-2.6535E-1	5.4609E-1	4.6880E+3
-2.6500E-1	5.1305E-1	4.4980E+3
-2.6465E-1	4.9532E-1	3.2990E+3
-2.6430E-1	4.8196E-1	2.8320E+3
-2.6394E-1	4.6884E-1	1.7860E+3
-2.6371E-1	4.6179E-1	2.2050E+3
-2.6324E-1	4.5426E-1	7.8500E+2
-2.6300E-1	4.4794E-1	6.6300E+2
-2.6265E-1	4.4430E-1	1.0370E+3
-2.6230E-1	4.4163E-1	-4.8800E+2
-2.6194E-1	4.3944E-1	-5.8000E+1
-2.6159E-1	4.3628E-1	5.3600E+2
-2.6135E-1	4.3313E-1	5.6400E+2
-2.6100E-1	4.2948E-1	-2.0000E+1
-2.6065E-1	4.2827E-1	4.1000E+1
-2.6030E-1	4.2802E-1	2.7000E+1
-2.6006E-1	4.2584E-1	2.1000E+2
-2.5971E-1	4.2317E-1	1.5500E+2
-2.5935E-1	4.2414E-1	2.1500E+2
-2.5900E-1	4.2171E-1	2.5000E+2
-2.5865E-1	4.2219E-1	-5.1000E+1
-2.5841E-1	4.2025E-1	-1.7000E+2
-2.5806E-1	4.2025E-1	1.3500E+2
-2.5771E-1	4.2001E-1	7.4100E+2
-2.5735E-1	4.1904E-1	-2.9200E+2
-2.5700E-1	4.1928E-1	-3.7800E+2
-2.5677E-1	4.1879E-1	-1.8900E+2
-2.5630E-1	4.1733E-1	-5.6500E+2
-2.5606E-1	4.1806E-1	-3.2900E+2
-2.5571E-1	4.1855E-1	-6.5600E+2
-2.5535E-1	4.1928E-1	-2.0800E+2
-2.5500E-1	4.1928E-1	-9.7900E+2
-2.5465E-1	4.2195E-1	-1.3330E+3
-2.5441E-1	4.2438E-1	-1.3660E+3
-2.5406E-1	4.2705E-1	-1.6320E+3
-2.5371E-1	4.3167E-1	-1.5320E+3
-2.5335E-1	4.3555E-1	-1.3920E+3
-2.5300E-1	4.3628E-1	-5.0500E+2
-2.5277E-1	4.3434E-1	3.8100E+2
-2.5241E-1	4.3167E-1	4.0400E+2
-2.5206E-1	4.2900E-1	1.5370E+3
-2.5171E-1	4.2608E-1	1.0280E+3
-2.5147E-1	4.2317E-1	5.8700E+2
-2.5100E-1	4.2219E-1	8.0600E+2
-2.5077E-1	4.2146E-1	4.9800E+2
-2.5041E-1	4.1806E-1	-1.8100E+2
-2.5006E-1	4.1758E-1	5.7000E+1
-2.4982E-1	4.1685E-1	-2.7300E+2
-2.4935E-1	4.1661E-1	5.0000E+1
-2.4912E-1	4.1685E-1	8.8000E+1
-2.4877E-1	4.1904E-1	-1.0940E+3
-2.4841E-1	4.1831E-1	-3.0000E+0
-2.4806E-1	4.1879E-1	-5.3200E+2
-2.4771E-1	4.1976E-1	2.6300E+2
-2.4747E-1	4.1855E-1	-2.2900E+2
-2.4712E-1	4.1976E-1	-3.9600E+2
-2.4677E-1	4.1879E-1	-6.8000E+1
-2.4641E-1	4.1904E-1	-1.5200E+2
-2.4606E-1	4.2001E-1	-9.4600E+2
-2.4582E-1	4.2171E-1	-8.5000E+2
-2.4547E-1	4.2146E-1	-1.8700E+2
-2.4512E-1	4.2122E-1	-6.6500E+2
-2.4477E-1	4.2414E-1	-8.8600E+2
-2.4441E-1	4.2341E-1	-5.1400E+2
-2.4406E-1	4.2535E-1	-6.1900E+2
-2.4382E-1	4.2535E-1	-3.7900E+2
-2.4347E-1	4.2608E-1	-1.1610E+3
-2.4312E-1	4.2608E-1	-8.6300E+2
-2.4276E-1	4.2875E-1	-5.8100E+2
-2.4241E-1	4.2730E-1	-4.5600E+2
-2.4218E-1	4.2924E-1	-8.5100E+2
-2.4182E-1	4.2948E-1	-8.8200E+2
-2.4147E-1	4.3045E-1	-8.1300E+2
-2.4112E-1	4.3264E-1	-9.2100E+2
-2.4076E-1	4.3410E-1	-1.4400E+2
-2.4053E-1	4.3361E-1	-5.5000E+2
-2.4018E-1	4.3458E-1	-5.1400E+2
-2.3982E-1	4.3604E-1	-3.2500E+2
-2.3947E-1	4.3531E-1	-9.8800E+2
-2.3912E-1	4.3896E-1	-4.9100E+2
-2.3888E-1	4.3920E-1	-5.5200E+2
-2.3853E-1	4.4090E-1	-4.9300E+2
-2.3818E-1	4.4163E-1	-6.5300E+2
-2.3782E-1	4.4236E-1	-9.0200E+2
-2.3747E-1	4.4187E-1	-7.1000E+2
-2.3712E-1	4.4454E-1	-4.7000E+2
-2.3688E-1	4.4722E-1	-9.6900E+2
-2.3653E-1	4.4600E-1	-9.6600E+2
-2.3618E-1	4.4722E-1	-1.0230E+3
-2.3582E-1	4.4867E-1	-7.6000E+2
-2.3547E-1	4.4867E-1	-2.0500E+2
-2.3523E-1	4.5207E-1	-7.3500E+2
-2.3488E-1	4.5353E-1	-5.3800E+2
-2.3453E-1	4.5499E-1	-7.6700E+2
-2.3418E-1	4.5693E-1	-8.1900E+2
-2.3382E-1	4.5645E-1	-5.6700E+2
-2.3359E-1	4.5669E-1	-5.3200E+2
-2.3323E-1	4.6009E-1	-6.8300E+2
-2.3288E-1	4.5985E-1	-1.2940E+3
-2.3253E-1	4.6374E-1	-6.1800E+2
-2.3218E-1	4.6179E-1	-3.7000E+2
-2.3194E-1	4.6446E-1	-9.5700E+2
-2.3159E-1	4.6568E-1	-7.2700E+2
-2.3123E-1	4.6908E-1	-9.7400E+2
-2.3088E-1	4.6981E-1	-9.6700E+2
-2.3053E-1	4.6957E-1	-1.5280E+3
-2.3018E-1	4.7151E-1	-1.2510E+3
-2.2994E-1	4.7442E-1	-6.7200E+2
-2.2959E-1	4.7685E-1	-1.4810E+3
-2.2923E-1	4.7661E-1	-7.6900E+2
-2.2888E-1	4.7904E-1	-1.0040E+3
-2.2853E-1	4.8050E-1	-1.1130E+3
-2.2829E-1	4.8050E-1	-5.2500E+2
-2.2794E-1	4.8414E-1	-8.1800E+2
-2.2759E-1	4.8584E-1	-1.0690E+3
-2.2723E-1	4.8827E-1	-1.2920E+3
-2.2688E-1	4.8803E-1	-1.2980E+3
-2.2665E-1	4.9070E-1	-1.0450E+3
-2.2629E-1	4.9240E-1	-8.9500E+2
-2.2594E-1	4.9459E-1	-1.0500E+3
-2.2559E-1	4.9677E-1	-1.0520E+3
-2.2523E-1	4.9799E-1	-6.8400E+2
-2.2488E-1	4.9993E-1	-8.8000E+2
-2.2465E-1	5.0163E-1	-1.2420E+3
-2.2429E-1	5.0212E-1	-9.9000E+2
-2.2394E-1	5.0430E-1	-1.3800E+3
-2.2359E-1	5.0916E-1	-7.9700E+2
-2.2323E-1	5.0989E-1	-8.3400E+2
-2.2300E-1	5.1232E-1	-1.2380E+3
-2.2265E-1	5.1184E-1	-1.1590E+3
-2.2229E-1	5.1499E-1	-1.5660E+3
-2.2194E-1	5.1815E-1	-1.5240E+3
-2.2159E-1	5.1767E-1	-8.1600E+2
-2.2135E-1	5.2107E-1	-4.9100E+2
-2.2100E-1	5.2277E-1	-1.7660E+3
-2.2065E-1	5.2228E-1	-6.4000E+2
-2.2029E-1	5.2471E-1	-1.2130E+3
-2.1994E-1	5.2981E-1	-1.3040E+3
-2.1970E-1	5.3030E-1	-4.9500E+2
-2.1935E-1	5.3224E-1	-1.1540E+3
-2.1900E-1	5.3419E-1	-1.5050E+3
-2.1865E-1	5.3613E-1	-5.3500E+2
-2.1829E-1	5.3856E-1	-1.3860E+3
-2.1794E-1	5.4196E-1	-9.9900E+2
-2.1770E-1	5.4245E-1	-8.0600E+2
-2.1735E-1	5.4415E-1	-9.9500E+2
-2.1700E-1	5.4779E-1	-1.7970E+3
-2.1665E-1	5.4852E-1	-1.0890E+3
-2.1629E-1	5.5168E-1	-1.5120E+3
-2.1606E-1	5.5459E-1	-1.4790E+3
-2.1570E-1	5.5556E-1	-1.3400E+3
-2.1535E-1	5.5629E-1	-1.0880E+3
-2.1500E-1	5.5824E-1	-1.1830E+3
-2.1465E-1	5.6261E-1	-1.3840E+3
-2.1441E-1	5.6601E-1	-1.9070E+3
-2.1406E-1	5.7038E-1	-1.0880E+3
-2.1370E-1	5.7038E-1	-1.2940E+3
-2.1335E-1	5.7427E-1	-1.2570E+3
-2.1300E-1	5.7573E-1	-1.3580E+3
-2.1276E-1	5.7718E-1	-1.2160E+3
-2.1241E-1	5.7937E-1	-1.7070E+3
-2.1206E-1	5.8399E-1	-1.0020E+3
-2.1170E-1	5.8593E-1	-1.2950E+3
-2.1135E-1	5.8763E-1	-1.4700E+3
-2.1100E-1	5.9030E-1	-1.5430E+3
-2.1076E-1	5.9249E-1	-1.4620E+3
-2.1041E-1	5.9540E-1	-9.6900E+2
-2.1006E-1	5.9856E-1	-1.2560E+3
-2.0970E-1	5.9905E-1	-1.1190E+3
-2.0935E-1	6.0148E-1	-2.2110E+3
-2.0912E-1	6.0512E-1	-1.3240E+3
-2.0876E-1	6.0561E-1	-1.5980E+3
-2.0841E-1	6.1022E-1	-1.3170E+3
-2.0806E-1	6.1338E-1	-1.2470E+3
-2.0770E-1	6.1533E-1	-1.7680E+3
-2.0747E-1	6.1630E-1	-1.2660E+3
-2.0712E-1	6.1775E-1	-1.7220E+3
-2.0676E-1	6.1994E-1	-1.2800E+3
-2.0641E-1	6.2358E-1	-1.4860E+3
-2.0606E-1	6.2480E-1	-1.6130E+3
-2.0570E-1	6.2674E-1	-1.6370E+3
-2.0547E-1	6.2966E-1	-1.4640E+3
-2.0512E-1	6.3525E-1	-1.3050E+3
-2.0476E-1	6.3743E-1	-1.6310E+3
-2.0441E-1	6.3913E-1	-1.8890E+3
-2.0406E-1	6.4108E-1	-9.3200E+2
-2.0382E-1	6.4351E-1	-1.6540E+3
-2.0347E-1	6.4496E-1	-1.3490E+3
-2.0311E-1	6.4909E-1	-1.7460E+3
-2.0276E-1	6.5104E-1	-1.5910E+3
-2.0241E-1	6.5274E-1	-2.0280E+3
-2.0217E-1	6.5517E-1	-1.5700E+3
-2.0182E-1	6.5857E-1	-1.1710E+3
-2.0147E-1	6.6075E-1	-1.8930E+3
-2.0111E-1	6.6343E-1	-1.1870E+3
-2.0076E-1	6.6610E-1	-1.4830E+3
-2.0053E-1	6.6950E-1	-1.7270E+3
-2.0017E-1	6.7217E-1	-1.5840E+3
-1.9982E-1	6.7339E-1	-1.3390E+3
-1.9947E-1	6.7727E-1	-1.6420E+3
-1.9911E-1	6.8043E-1	-1.5150E+3
-1.9876E-1	6.8116E-1	-1.3300E+3
-1.9853E-1	6.8213E-1	-2.0140E+3
-1.9817E-1	6.8602E-1	-1.4080E+3
-1.9782E-1	6.8796E-1	-1.4360E+3
-1.9747E-1	6.9161E-1	-1.2720E+3
-1.9711E-1	6.9598E-1	-2.4490E+3
-1.9688E-1	6.9817E-1	-1.6000E+3
-1.9653E-1	6.9962E-1	-1.5350E+3
-1.9617E-1	7.0108E-1	-1.1030E+3
-1.9582E-1	7.0545E-1	-1.8180E+3
-1.9547E-1	7.0594E-1	-1.0860E+3
-1.9523E-1	7.0910E-1	-1.6060E+3
-1.9488E-1	7.1298E-1	-2.0180E+3
-1.9453E-1	7.1298E-1	-1.3370E+3
-1.9417E-1	7.1639E-1	-1.7040E+3
-1.9382E-1	7.1833E-1	-2.1500E+3
-1.9358E-1	7.2222E-1	-2.0340E+3
-1.9323E-1	7.2610E-1	-1.2420E+3
-1.9288E-1	7.2780E-1	-1.9880E+3
-1.9253E-1	7.2950E-1	-1.8530E+3
-1.9217E-1	7.3193E-1	-1.6710E+3
-1.9182E-1	7.3339E-1	-1.6250E+3
-1.9158E-1	7.3752E-1	-1.1550E+3
-1.9123E-1	7.3971E-1	-1.8890E+3
-1.9088E-1	7.4141E-1	-1.6670E+3
-1.9053E-1	7.4286E-1	-1.7520E+3
-1.9017E-1	7.4457E-1	-1.8710E+3
-1.8994E-1	7.4870E-1	-1.4350E+3
-1.8958E-1	7.5234E-1	-1.1190E+3
-1.8923E-1	7.5623E-1	-1.6000E+3
-1.8888E-1	7.5647E-1	-1.0960E+3
-1.8853E-1	7.5938E-1	-1.3990E+3
-1.8829E-1	7.6279E-1	-1.5910E+3
-1.8794E-1	7.6619E-1	-1.9540E+3
-1.8758E-1	7.6716E-1	-1.2600E+3
-1.8723E-1	7.7105E-1	-1.2420E+3
-1.8688E-1	7.7177E-1	-1.5170E+3
-1.8664E-1	7.7420E-1	-1.7410E+3
-1.8629E-1	7.7590E-1	-1.3800E+3
-1.8594E-1	7.7955E-1	-1.4860E+3
-1.8558E-1	7.8198E-1	-1.8610E+3
-1.8523E-1	7.8271E-1	-1.6200E+3
-1.8488E-1	7.8489E-1	-1.5960E+3
-1.8464E-1	7.8927E-1	-1.4740E+3
-1.8429E-1	7.9169E-1	-1.9020E+3
-1.8394E-1	7.9510E-1	-1.0440E+3
-1.8358E-1	7.9631E-1	-1.4230E+3
-1.8323E-1	7.9923E-1	-1.5590E+3
-1.8300E-1	7.9923E-1	-1.3800E+3
-1.8264E-1	8.0214E-1	-1.1970E+3
-1.8229E-1	8.0554E-1	-1.7680E+3
-1.8194E-1	8.0797E-1	-1.2370E+3
-1.8158E-1	8.1089E-1	-1.3080E+3
-1.8135E-1	8.1307E-1	-1.1410E+3
-1.8100E-1	8.1429E-1	-1.4460E+3
-1.8064E-1	8.1890E-1	-1.6330E+3
-1.8029E-1	8.2085E-1	-1.4950E+3
-1.7994E-1	8.2182E-1	-1.4370E+3
-1.7958E-1	8.2473E-1	-1.7360E+3
-1.7935E-1	8.2643E-1	-1.2930E+3
-1.7900E-1	8.2935E-1	-1.1210E+3
-1.7864E-1	8.3081E-1	-1.5820E+3
-1.7829E-1	8.3251E-1	-1.2360E+3
-1.7794E-1	8.3615E-1	-1.1120E+3
-1.7770E-1	8.3834E-1	-1.4860E+3
-1.7735E-1	8.4101E-1	-9.2800E+2
-1.7700E-1	8.4320E-1	-1.2800E+3
-1.7664E-1	8.4465E-1	-1.5190E+3
-1.7629E-1	8.4611E-1	-1.6270E+3
-1.7605E-1	8.4927E-1	-1.3810E+3
-1.7570E-1	8.5000E-1	-1.4530E+3
-1.7535E-1	8.5194E-1	-1.0240E+3
-1.7500E-1	8.5559E-1	-1.2740E+3
-1.7464E-1	8.5802E-1	-1.4710E+3
-1.7441E-1	8.5850E-1	-1.4420E+3
-1.7405E-1	8.6069E-1	-1.5180E+3
-1.7370E-1	8.6287E-1	-1.4020E+3
-1.7335E-1	8.6676E-1	-1.0900E+3
-1.7299E-1	8.6676E-1	-1.0380E+3
-1.7264E-1	8.6968E-1	-1.7220E+3
-1.7241E-1	8.7162E-1	-7.4900E+2
-1.7205E-1	8.7405E-1	-6.1000E+2
-1.7170E-1	8.7429E-1	-1.6880E+3
-1.7135E-1	8.7648E-1	-1.0610E+3
-1.7099E-1	8.7891E-1	-1.8960E+3
-1.7076E-1	8.8182E-1	-1.0490E+3
-1.7041E-1	8.8474E-1	-1.2770E+3
-1.7005E-1	8.8401E-1	-1.4790E+3
-1.6970E-1	8.8668E-1	-1.1430E+3
-1.6935E-1	8.8935E-1	-1.0910E+3
-1.6911E-1	8.9081E-1	-8.3800E+2
-1.6864E-1	8.9227E-1	-6.8100E+2
-1.6841E-1	8.9421E-1	-1.1340E+3
-1.6805E-1	8.9664E-1	-1.1250E+3
-1.6770E-1	8.9713E-1	-1.0990E+3
-1.6747E-1	8.9980E-1	-1.4290E+3
-1.6699E-1	9.0247E-1	-1.4130E+3
-1.6676E-1	9.0514E-1	-1.4140E+3
-1.6641E-1	9.0563E-1	-1.4130E+3
-1.6605E-1	9.0733E-1	-1.0280E+3
-1.6570E-1	9.0879E-1	-1.4100E+3
-1.6547E-1	9.1049E-1	-1.8940E+3
-1.6511E-1	9.1268E-1	-8.4400E+2
-1.6476E-1	9.1413E-1	-1.4480E+3
-1.6441E-1	9.1656E-1	-9.5600E+2
-1.6405E-1	9.1656E-1	-1.6820E+3
-1.6382E-1	9.1899E-1	-1.1840E+3
-1.6346E-1	9.2093E-1	-1.0990E+3
-1.6311E-1	9.2312E-1	-8.2400E+2
-1.6276E-1	9.2458E-1	-1.3350E+3
-1.6241E-1	9.2531E-1	-1.0170E+3
-1.6217E-1	9.2847E-1	-1.0720E+3
-1.6182E-1	9.2774E-1	-8.9500E+2
-1.6146E-1	9.2968E-1	-1.5550E+3
-1.6111E-1	9.3235E-1	-6.7700E+2
-1.6076E-1	9.3381E-1	-1.1300E+3
-1.6052E-1	9.3357E-1	-1.4860E+3
-1.6005E-1	9.3648E-1	-1.5440E+3
-1.5982E-1	9.3818E-1	-5.2500E+2
-1.5946E-1	9.3843E-1	-1.0160E+3
-1.5911E-1	9.4207E-1	-1.5620E+3
-1.5876E-1	9.4401E-1	-1.1420E+3
-1.5841E-1	9.4450E-1	-4.8200E+2
-1.5817E-1	9.4304E-1	-8.9400E+2
-1.5782E-1	9.4814E-1	-1.2960E+3
-1.5746E-1	9.4790E-1	-1.1940E+3
-1.5711E-1	9.5009E-1	-6.7600E+2
-1.5688E-1	9.5179E-1	-6.4800E+2
-1.5652E-1	9.5203E-1	-6.8700E+2
-1.5617E-1	9.5446E-1	-1.3800E+3
-1.5582E-1	9.5397E-1	-7.1300E+2
-1.5546E-1	9.5689E-1	-1.6060E+3
-1.5523E-1	9.5737E-1	-1.0140E+3
-1.5476E-1	9.5908E-1	-1.4210E+3
-1.5452E-1	9.5932E-1	-1.3020E+3
-1.5417E-1	9.6248E-1	-1.3410E+3
-1.5382E-1	9.6418E-1	-1.3770E+3
-1.5358E-1	9.6515E-1	-8.3400E+2
-1.5311E-1	9.6612E-1	-1.1340E+3
-1.5288E-1	9.6734E-1	-1.7170E+3
-1.5252E-1	9.6879E-1	-1.3190E+3
-1.5217E-1	9.6976E-1	-5.8300E+2
-1.5182E-1	9.7146E-1	-1.0020E+3
-1.5146E-1	9.7365E-1	-1.2170E+3
-1.5123E-1	9.7317E-1	-7.5800E+2
-1.5088E-1	9.7487E-1	-9.1900E+2
-1.5052E-1	9.7535E-1	-1.6340E+3
-1.5017E-1	9.7802E-1	-7.8500E+2
-1.4982E-1	9.7802E-1	-1.3460E+3
-1.4958E-1	9.7802E-1	-1.2700E+3
-1.4923E-1	9.7997E-1	-1.1200E+3
-1.4888E-1	9.8094E-1	-3.9700E+2
-1.4852E-1	9.8021E-1	-1.5110E+3
-1.4829E-1	9.8288E-1	-1.3650E+3
-1.4782E-1	9.8410E-1	-8.0300E+2
-1.4758E-1	9.8555E-1	-1.2580E+3
-1.4723E-1	9.8580E-1	-8.2800E+2
-1.4688E-1	9.8726E-1	-9.6900E+2
-1.4652E-1	9.8774E-1	-8.0500E+2
-1.4617E-1	9.9066E-1	-1.0620E+3
-1.4593E-1	9.8920E-1	-1.1510E+3
-1.4558E-1	9.8944E-1	-6.2100E+2
-1.4523E-1	9.8920E-1	-1.3710E+3
-1.4488E-1	9.9187E-1	-8.5600E+2
-1.4452E-1	9.9357E-1	-1.0960E+3
-1.4429E-1	9.9552E-1	-1.0460E+3
-1.4393E-1	9.9454E-1	-1.2800E+3
-1.4358E-1	9.9673E-1	-8.1600E+2
-1.4323E-1	9.9624E-1	-9.8000E+2
-1.4288E-1	9.9722E-1	-6.4900E+2
-1.4264E-1	9.9965E-1	-1.0590E+3
-1.4229E-1	9.9892E-1	-4.7000E+2
-1.4193E-1	1.0001E+0	-9.0700E+2
-1.4158E-1	1.0001E+0	-9.1000E+2
-1.4123E-1	1.0028E+0	-9.7400E+2
-1.4087E-1	1.0023E+0	-4.7300E+2
-1.4064E-1	1.0028E+0	-8.2500E+2
-1.4029E-1	1.0052E+0	-1.0210E+3
-1.3993E-1	1.0038E+0	-9.5900E+2
-1.3958E-1	1.0062E+0	-1.2410E+3
-1.3923E-1	1.0069E+0	-1.2910E+3
-1.3899E-1	1.0069E+0	-1.8280E+3
-1.3864E-1	1.0067E+0	-3.4800E+2
-1.3829E-1	1.0089E+0	-9.6300E+2
-1.3793E-1	1.0096E+0	-1.0570E+3
-1.3758E-1	1.0079E+0	-5.6000E+2
-1.3735E-1	1.0101E+0	-9.5200E+2
-1.3699E-1	1.0118E+0	-7.9700E+2
-1.3664E-1	1.0106E+0	-8.5600E+2
-1.3629E-1	1.0137E+0	-4.4900E+2
-1.3593E-1	1.0135E+0	-7.4900E+2
-1.3570E-1	1.0125E+0	-8.9700E+2
-1.3535E-1	1.0147E+0	-6.4000E+2
-1.3499E-1	1.0152E+0	-8.5600E+2
-1.3464E-1	1.0159E+0	-9.5100E+2
-1.3429E-1	1.0149E+0	-1.1500E+3
-1.3393E-1	1.0174E+0	-5.8100E+2
-1.3370E-1	1.0157E+0	-9.1700E+2
-1.3334E-1	1.0171E+0	-7.1800E+2
-1.3299E-1	1.0181E+0	-1.0950E+3
-1.3264E-1	1.0198E+0	-7.5300E+2
-1.3229E-1	1.0203E+0	-1.1900E+2
-1.3205E-1	1.0208E+0	-8.7000E+2
-1.3170E-1	1.0222E+0	-1.0850E+3
-1.3134E-1	1.0205E+0	-2.8100E+2
-1.3099E-1	1.0208E+0	-8.7600E+2
-1.3064E-1	1.0215E+0	-7.2100E+2
-1.3040E-1	1.0208E+0	-8.0100E+2
-1.3005E-1	1.0215E+0	-4.4600E+2
-1.2970E-1	1.0239E+0	-9.0700E+2
-1.2934E-1	1.0249E+0	4.0000E+0
-1.2899E-1	1.0256E+0	-4.8600E+2
-1.2864E-1	1.0244E+0	-1.0240E+3
-1.2840E-1	1.0256E+0	-2.4800E+2
-1.2805E-1	1.0256E+0	-7.2300E+2
-1.2770E-1	1.0273E+0	-1.2830E+3
-1.2734E-1	1.0264E+0	-1.1740E+3
-1.2699E-1	1.0278E+0	-1.0860E+3
-1.2676E-1	1.0283E+0	-1.2070E+3
-1.2640E-1	1.0286E+0	-1.2580E+3
-1.2605E-1	1.0288E+0	-1.2790E+3
-1.2570E-1	1.0283E+0	-9.0700E+2
-1.2534E-1	1.0300E+0	-9.6900E+2
-1.2511E-1	1.0317E+0	-3.1200E+2
-1.2476E-1	1.0295E+0	-5.0100E+2
-1.2440E-1	1.0303E+0	-2.3500E+2
-1.2405E-1	1.0307E+0	-8.5300E+2
-1.2370E-1	1.0303E+0	-4.6000E+2
-1.2346E-1	1.0303E+0	-6.2000E+1
-1.2311E-1	1.0312E+0	-7.7800E+2
-1.2276E-1	1.0315E+0	-3.9100E+2
-1.2240E-1	1.0317E+0	-1.9900E+2
-1.2205E-1	1.0324E+0	-1.0080E+3
-1.2170E-1	1.0332E+0	-3.0400E+2
-1.2146E-1	1.0324E+0	-7.1000E+2
-1.2111E-1	1.0332E+0	-8.9500E+2
-1.2076E-1	1.0346E+0	-4.8400E+2
-1.2040E-1	1.0346E+0	-1.6700E+2
-1.2005E-1	1.0351E+0	-3.9300E+2
-1.1981E-1	1.0339E+0	-6.3100E+2
-1.1946E-1	1.0361E+0	-8.4500E+2
-1.1911E-1	1.0366E+0	-1.1420E+3
-1.1876E-1	1.0351E+0	-5.7800E+2
-1.1840E-1	1.0375E+0	-2.1300E+2
-1.1817E-1	1.0358E+0	-9.4100E+2
-1.1781E-1	1.0373E+0	-4.0600E+2
-1.1746E-1	1.0361E+0	-8.8100E+2
-1.1711E-1	1.0380E+0	-8.1500E+2
-1.1676E-1	1.0388E+0	-2.0000E+2
-1.1652E-1	1.0378E+0	-8.5300E+2
-1.1617E-1	1.0385E+0	-6.0000E+2
-1.1581E-1	1.0373E+0	-7.0000E+2
-1.1546E-1	1.0373E+0	-4.3800E+2
-1.1511E-1	1.0375E+0	-3.5600E+2
-1.1476E-1	1.0405E+0	-7.3500E+2
-1.1452E-1	1.0395E+0	-3.1400E+2
-1.1417E-1	1.0392E+0	-3.4800E+2
-1.1381E-1	1.0395E+0	-6.1600E+2
-1.1346E-1	1.0392E+0	-1.4690E+3
-1.1311E-1	1.0402E+0	-7.2800E+2
-1.1287E-1	1.0409E+0	-5.0000E+0
-1.1252E-1	1.0400E+0	-8.8100E+2
-1.1217E-1	1.0417E+0	-5.2200E+2
-1.1181E-1	1.0388E+0	-4.1400E+2
-1.1146E-1	1.0412E+0	-1.3300E+3
-1.1123E-1	1.0417E+0	-8.0400E+2
-1.1087E-1	1.0409E+0	-3.5500E+2
-1.1052E-1	1.0412E+0	-4.5300E+2
-1.1017E-1	1.0419E+0	-2.6900E+2
-1.0981E-1	1.0412E+0	-5.8700E+2
-1.0946E-1	1.0417E+0	-5.8200E+2
-1.0923E-1	1.0402E+0	-6.4100E+2
-1.0887E-1	1.0426E+0	-6.8600E+2
-1.0852E-1	1.0434E+0	-8.6200E+2
-1.0817E-1	1.0436E+0	-2.5800E+2
-1.0781E-1	1.0424E+0	-2.2400E+2
-1.0758E-1	1.0434E+0	-9.1500E+2
-1.0723E-1	1.0419E+0	-4.8900E+2
-1.0687E-1	1.0436E+0	-8.0700E+2
-1.0652E-1	1.0426E+0	-5.6200E+2
-1.0617E-1	1.0426E+0	-4.8900E+2
-1.0593E-1	1.0441E+0	-9.5800E+2
-1.0558E-1	1.0441E+0	-8.2700E+2
-1.0523E-1	1.0424E+0	-1.3340E+3
-1.0487E-1	1.0446E+0	-1.0210E+3
-1.0452E-1	1.0424E+0	-7.2900E+2
-1.0428E-1	1.0431E+0	-3.7100E+2
-1.0393E-1	1.0453E+0	-6.9000E+2
-1.0358E-1	1.0446E+0	-2.9300E+2
-1.0323E-1	1.0443E+0	1.0400E+2
-1.0287E-1	1.0448E+0	-8.4300E+2
-1.0252E-1	1.0441E+0	-3.5200E+2
-1.0228E-1	1.0424E+0	-1.4100E+2
-1.0193E-1	1.0458E+0	-8.7900E+2
-1.0158E-1	1.0448E+0	-7.0800E+2
-1.0122E-1	1.0439E+0	-1.1880E+3
-1.0087E-1	1.0446E+0	-6.5000E+1
-1.0064E-1	1.0463E+0	-6.9100E+2
-1.0028E-1	1.0448E+0	-1.0200E+3
-9.9931E-2	1.0465E+0	-2.9000E+2
-9.9578E-2	1.0451E+0	-4.7100E+2
-9.9225E-2	1.0470E+0	-1.2670E+3
-9.8989E-2	1.0460E+0	-9.5100E+2
-9.8636E-2	1.0460E+0	-7.9300E+2
-9.8284E-2	1.0465E+0	-6.1600E+2
-9.7931E-2	1.0448E+0	-9.6100E+2
-9.7578E-2	1.0448E+0	4.1000E+1
-9.7342E-2	1.0453E+0	-5.3100E+2
-9.6989E-2	1.0460E+0	-2.5400E+2
-9.6636E-2	1.0446E+0	-7.6000E+2
-9.6283E-2	1.0465E+0	-5.2600E+2
-9.5930E-2	1.0456E+0	-2.9600E+2
-9.5577E-2	1.0451E+0	-4.4500E+2
-9.5342E-2	1.0480E+0	-6.2700E+2
-9.4989E-2	1.0451E+0	-4.0800E+2
-9.4636E-2	1.0456E+0	-2.6000E+2
-9.4283E-2	1.0477E+0	-5.0000E+2
-9.3930E-2	1.0477E+0	-6.3400E+2
-9.3695E-2	1.0468E+0	-6.9900E+2
-9.3342E-2	1.0482E+0	-6.1700E+2
-9.2989E-2	1.0470E+0	-4.0300E+2
-9.2636E-2	1.0468E+0	-5.6900E+2
-9.2283E-2	1.0470E+0	-7.7300E+2
-9.2048E-2	1.0458E+0	-7.9100E+2
-9.1695E-2	1.0480E+0	-1.6000E+1
-9.1342E-2	1.0458E+0	-3.5400E+2
-9.0989E-2	1.0494E+0	-4.6500E+2
-9.0636E-2	1.0482E+0	-5.7000E+2
-9.0401E-2	1.0470E+0	-8.5600E+2
-9.0048E-2	1.0468E+0	-3.4500E+2
-8.9695E-2	1.0456E+0	-6.6600E+2
-8.9342E-2	1.0468E+0	-3.9100E+2
-8.8989E-2	1.0473E+0	-4.3900E+2
-8.8636E-2	1.0480E+0	-4.3600E+2
-8.8400E-2	1.0473E+0	-2.6800E+2
-8.8047E-2	1.0465E+0	-2.4400E+2
-8.7694E-2	1.0473E+0	-3.9100E+2
-8.7342E-2	1.0463E+0	-9.3700E+2
-8.6989E-2	1.0470E+0	-2.6400E+2
-8.6753E-2	1.0465E+0	-6.9300E+2
-8.6400E-2	1.0477E+0	-9.9400E+2
-8.6047E-2	1.0465E+0	-6.2300E+2
-8.5694E-2	1.0458E+0	-1.1810E+3
