Aux out [V]	Aux in [V]	PDH out [a.u.]
-3.0430E-1	5.5192E-1	8.1200E+2
-3.0418E-1	5.5313E-1	1.4100E+2
-3.0418E-1	5.5459E-1	7.8200E+2
-3.0406E-1	5.5313E-1	3.1800E+2
-3.0406E-1	5.5168E-1	6.0900E+2
-3.0395E-1	5.5265E-1	4.1100E+2
-3.0395E-1	5.5095E-1	1.0680E+3
-3.0383E-1	5.5265E-1	1.2080E+3
-3.0383E-1	5.5143E-1	6.6000E+2
-3.0371E-1	5.5046E-1	5.0600E+2
-3.0371E-1	5.4998E-1	8.5500E+2
-3.0359E-1	5.5192E-1	5.4700E+2
-3.0359E-1	5.4949E-1	9.3300E+2
-3.0348E-1	5.5022E-1	3.4100E+2
-3.0348E-1	5.4925E-1	5.3900E+2
-3.0336E-1	5.4779E-1	3.8300E+2
-3.0336E-1	5.4852E-1	7.1000E+2
-3.0324E-1	5.4730E-1	8.3700E+2
-3.0324E-1	5.4682E-1	9.3400E+2
-3.0312E-1	5.4730E-1	4.6900E+2
-3.0312E-1	5.4633E-1	3.7500E+2
-3.0300E-1	5.4585E-1	3.5200E+2
-3.0300E-1	5.4755E-1	7.0900E+2
-3.0289E-1	5.4706E-1	3.9600E+2
-3.0289E-1	5.4633E-1	8.7000E+2
-3.0277E-1	5.4390E-1	5.8900E+2
-3.0277E-1	5.4536E-1	-1.0400E+2
-3.0265E-1	5.4512E-1	1.0040E+3
-3.0265E-1	5.4317E-1	1.1660E+3
-3.0253E-1	5.4415E-1	2.1000E+1
-3.0253E-1	5.4487E-1	6.2500E+2
-3.0242E-1	5.4463E-1	6.1500E+2
-3.0230E-1	5.4123E-1	7.8800E+2
-3.0230E-1	5.4342E-1	8.8800E+2
-3.0218E-1	5.4123E-1	2.4100E+2
-3.0218E-1	5.4245E-1	3.4600E+2
-3.0206E-1	5.4099E-1	5.9900E+2
-3.0206E-1	5.4123E-1	-8.4000E+1
-3.0195E-1	5.4172E-1	8.8100E+2
-3.0195E-1	5.4147E-1	6.1700E+2
-3.0183E-1	5.4099E-1	7.7000E+2
-3.0183E-1	5.4002E-1	7.9000E+2
-3.0171E-1	5.4050E-1	8.7500E+2
-3.0171E-1	5.3904E-1	8.4700E+2
-3.0159E-1	5.3904E-1	6.9100E+2
-3.0159E-1	5.3856E-1	1.1090E+3
-3.0148E-1	5.3832E-1	5.4300E+2
-3.0148E-1	5.4002E-1	5.4200E+2
-3.0136E-1	5.3904E-1	4.4800E+2
-3.0136E-1	5.3540E-1	4.0600E+2
-3.0124E-1	5.3637E-1	1.1510E+3
-3.0124E-1	5.3637E-1	1.0300E+2
-3.0112E-1	5.3661E-1	8.7900E+2
-3.0112E-1	5.3613E-1	4.4000E+1
-3.0100E-1	5.3661E-1	5.8900E+2
-3.0100E-1	5.3516E-1	1.0860E+3
-3.0089E-1	5.3564E-1	7.7600E+2
-3.0089E-1	5.3346E-1	7.1100E+2
-3.0077E-1	5.3419E-1	6.5400E+2
-3.0077E-1	5.3394E-1	6.6000E+1
-3.0065E-1	5.3443E-1	7.4500E+2
-3.0065E-1	5.3321E-1	8.5300E+2
-3.0053E-1	5.3297E-1	5.0200E+2
-3.0042E-1	5.3321E-1	2.0300E+2
-3.0042E-1	5.3297E-1	1.1130E+3
-3.0030E-1	5.3321E-1	7.1400E+2
-3.0030E-1	5.3030E-1	3.4300E+2
-3.0018E-1	5.3297E-1	5.4600E+2
-3.0018E-1	5.3370E-1	5.6700E+2
-3.0006E-1	5.3346E-1	2.8600E+2
-3.0006E-1	5.3078E-1	3.8200E+2
-2.9995E-1	5.3273E-1	3.7500E+2
-2.9995E-1	5.3200E-1	5.5300E+2
-2.9983E-1	5.3030E-1	3.2800E+2
-2.9983E-1	5.2908E-1	1.9300E+2
-2.9971E-1	5.3127E-1	5.6900E+2
-2.9971E-1	5.2981E-1	6.1900E+2
-2.9959E-1	5.2787E-1	3.0800E+2
-2.9959E-1	5.2787E-1	4.4000E+1
-2.9948E-1	5.2884E-1	6.8200E+2
-2.9948E-1	5.2811E-1	3.0900E+2
-2.9936E-1	5.2884E-1	4.7100E+2
-2.9936E-1	5.2860E-1	7.1900E+2
-2.9924E-1	5.2690E-1	2.7000E+2
-2.9924E-1	5.2665E-1	6.1800E+2
-2.9912E-1	5.2641E-1	1.8000E+2
-2.9912E-1	5.2568E-1	6.1300E+2
-2.9900E-1	5.2593E-1	1.9000E+2
-2.9900E-1	5.2447E-1	-9.5000E+1
-2.9889E-1	5.2714E-1	1.5800E+2
-2.9889E-1	5.2568E-1	7.4300E+2
-2.9877E-1	5.2520E-1	5.1200E+2
-2.9877E-1	5.2568E-1	-1.3300E+2
-2.9865E-1	5.2471E-1	1.9000E+1
-2.9853E-1	5.2325E-1	4.8600E+2
-2.9853E-1	5.2398E-1	4.9900E+2
-2.9842E-1	5.2520E-1	5.0600E+2
-2.9842E-1	5.2447E-1	3.9000E+2
-2.9830E-1	5.2350E-1	7.0500E+2
-2.9830E-1	5.2325E-1	9.0000E+1
-2.9818E-1	5.2374E-1	6.6600E+2
-2.9818E-1	5.2423E-1	2.2300E+2
-2.9806E-1	5.2252E-1	2.0900E+2
-2.9806E-1	5.2398E-1	-1.7400E+2
-2.9795E-1	5.2204E-1	4.3800E+2
-2.9795E-1	5.2398E-1	2.4000E+1
-2.9783E-1	5.2252E-1	5.5900E+2
-2.9783E-1	5.2204E-1	4.7700E+2
-2.9771E-1	5.2180E-1	8.3600E+2
-2.9771E-1	5.2277E-1	3.0900E+2
-2.9759E-1	5.2180E-1	-8.5000E+1
-2.9759E-1	5.2010E-1	7.4700E+2
-2.9747E-1	5.2010E-1	3.9300E+2
-2.9747E-1	5.2107E-1	2.8000E+1
-2.9736E-1	5.2252E-1	5.4200E+2
-2.9736E-1	5.2228E-1	-3.3300E+2
-2.9724E-1	5.1791E-1	8.4000E+1
-2.9724E-1	5.1937E-1	-1.3000E+1
-2.9712E-1	5.2034E-1	3.3900E+2
-2.9712E-1	5.1961E-1	2.6000E+2
-2.9700E-1	5.2350E-1	-9.0000E+0
-2.9700E-1	5.2131E-1	-3.5100E+2
-2.9689E-1	5.1985E-1	1.0000E+1
-2.9689E-1	5.1961E-1	7.0700E+2
-2.9677E-1	5.1937E-1	5.7200E+2
-2.9665E-1	5.2058E-1	3.8200E+2
-2.9665E-1	5.1839E-1	5.5300E+2
-2.9653E-1	5.2010E-1	-1.5100E+2
-2.9653E-1	5.1742E-1	1.3900E+2
-2.9642E-1	5.1815E-1	1.3400E+2
-2.9642E-1	5.1669E-1	-9.5000E+1
-2.9630E-1	5.1767E-1	7.7000E+1
-2.9630E-1	5.1912E-1	6.3300E+2
-2.9618E-1	5.1815E-1	2.1300E+2
-2.9618E-1	5.1742E-1	2.1300E+2
-2.9606E-1	5.1645E-1	3.7200E+2
-2.9606E-1	5.1767E-1	4.7700E+2
-2.9595E-1	5.1572E-1	4.2300E+2
-2.9595E-1	5.1694E-1	5.3800E+2
-2.9583E-1	5.1767E-1	3.8100E+2
-2.9583E-1	5.1597E-1	5.1900E+2
-2.9571E-1	5.1694E-1	1.0010E+3
-2.9571E-1	5.1499E-1	8.0600E+2
-2.9559E-1	5.1402E-1	4.9700E+2
-2.9559E-1	5.1548E-1	5.2700E+2
-2.9547E-1	5.1305E-1	1.2800E+2
-2.9547E-1	5.1378E-1	1.1480E+3
-2.9536E-1	5.1402E-1	6.0100E+2
-2.9536E-1	5.1111E-1	1.0060E+3
-2.9524E-1	5.1111E-1	5.0800E+2
-2.9524E-1	5.1086E-1	1.1260E+3
-2.9512E-1	5.1111E-1	1.2940E+3
-2.9512E-1	5.1014E-1	1.1350E+3
-2.9500E-1	5.1111E-1	7.7000E+2
-2.9500E-1	5.1014E-1	6.3300E+2
-2.9489E-1	5.0892E-1	4.1800E+2
-2.9477E-1	5.0868E-1	4.8200E+2
-2.9477E-1	5.1038E-1	9.0900E+2
-2.9465E-1	5.0941E-1	7.0300E+2
-2.9465E-1	5.0916E-1	7.5900E+2
-2.9453E-1	5.0941E-1	7.6800E+2
-2.9453E-1	5.0941E-1	6.2300E+2
-2.9442E-1	5.0746E-1	2.9700E+2
-2.9442E-1	5.0843E-1	4.2200E+2
-2.9430E-1	5.0698E-1	7.9000E+2
-2.9430E-1	5.0552E-1	3.3700E+2
-2.9418E-1	5.0528E-1	5.5500E+2
-2.9418E-1	5.0625E-1	1.1190E+3
-2.9406E-1	5.0528E-1	1.2220E+3
-2.9406E-1	5.0746E-1	6.1700E+2
-2.9395E-1	5.0503E-1	8.8900E+2
-2.9395E-1	5.0552E-1	4.6800E+2
-2.9383E-1	5.0358E-1	3.3800E+2
-2.9383E-1	5.0528E-1	8.7600E+2
-2.9371E-1	5.0503E-1	7.8700E+2
-2.9371E-1	5.0382E-1	1.0000E+0
-2.9359E-1	5.0285E-1	5.6700E+2
-2.9359E-1	5.0236E-1	4.4300E+2
-2.9347E-1	5.0333E-1	4.0600E+2
-2.9347E-1	5.0406E-1	4.9700E+2
-2.9336E-1	5.0139E-1	3.4000E+1
-2.9336E-1	5.0066E-1	4.8800E+2
-2.9324E-1	5.0042E-1	4.6400E+2
-2.9324E-1	5.0188E-1	2.5600E+2
-2.9312E-1	5.0139E-1	3.1200E+2
-2.9312E-1	5.0163E-1	4.5700E+2
-2.9300E-1	5.0260E-1	-4.3800E+2
-2.9289E-1	5.0188E-1	5.6000E+1
-2.9289E-1	5.0090E-1	3.1300E+2
-2.9277E-1	5.0115E-1	1.8200E+2
-2.9277E-1	5.0066E-1	7.2600E+2
-2.9265E-1	5.0163E-1	5.2900E+2
-2.9265E-1	4.9993E-1	8.4000E+2
-2.9253E-1	4.9945E-1	7.0200E+2
-2.9253E-1	4.9920E-1	1.8900E+2
-2.9242E-1	4.9920E-1	1.8500E+2
-2.9242E-1	5.0017E-1	4.0200E+2
-2.9230E-1	4.9799E-1	4.6100E+2
-2.9230E-1	4.9920E-1	-2.8000E+1
-2.9218E-1	4.9920E-1	7.0700E+2
-2.9218E-1	4.9945E-1	-1.1100E+2
-2.9206E-1	4.9726E-1	2.0000E+2
-2.9206E-1	4.9993E-1	2.7200E+2
-2.9195E-1	4.9872E-1	-3.8000E+1
-2.9195E-1	4.9702E-1	-1.5600E+2
-2.9183E-1	4.9823E-1	-4.5000E+2
-2.9183E-1	4.9702E-1	9.8000E+1
-2.9171E-1	4.9556E-1	1.3800E+2
-2.9171E-1	4.9775E-1	-8.6000E+1
-2.9159E-1	4.9920E-1	-6.0500E+2
-2.9159E-1	4.9872E-1	4.5700E+2
-2.9147E-1	4.9653E-1	5.9300E+2
-2.9147E-1	4.9605E-1	4.6100E+2
-2.9136E-1	4.9775E-1	9.0000E+0
-2.9136E-1	4.9677E-1	-5.0500E+2
-2.9124E-1	4.9677E-1	-3.3000E+1
-2.9124E-1	4.9629E-1	2.7600E+2
-2.9112E-1	4.9532E-1	-3.2800E+2
-2.9100E-1	4.9750E-1	-3.3000E+1
-2.9100E-1	4.9677E-1	-2.6000E+1
-2.9089E-1	4.9847E-1	-5.1000E+1
-2.9089E-1	4.9677E-1	-8.0000E+1
-2.9077E-1	4.9775E-1	-6.3300E+2
-2.9077E-1	4.9799E-1	-7.5300E+2
-2.9065E-1	4.9750E-1	-4.8000E+2
-2.9065E-1	4.9750E-1	-4.4000E+1
-2.9053E-1	4.9605E-1	-1.5000E+2
-2.9053E-1	4.9507E-1	-2.2000E+2
-2.9042E-1	4.9605E-1	-4.8000E+1
-2.9042E-1	4.9872E-1	-9.3000E+1
-2.9030E-1	4.9702E-1	2.5900E+2
-2.9030E-1	4.9629E-1	-6.5300E+2
-2.9018E-1	4.9799E-1	-2.8500E+2
-2.9018E-1	4.9750E-1	-7.0400E+2
-2.9006E-1	4.9847E-1	-2.5500E+2
-2.9006E-1	4.9702E-1	-5.9500E+2
-2.8994E-1	4.9872E-1	-5.2000E+2
-2.8994E-1	4.9847E-1	-6.7600E+2
-2.8983E-1	4.9799E-1	-1.6030E+3
-2.8983E-1	4.9726E-1	-1.3370E+3
-2.8971E-1	4.9702E-1	-8.8900E+2
-2.8971E-1	5.0066E-1	-8.9400E+2
-2.8959E-1	4.9993E-1	-9.1700E+2
-2.8959E-1	5.0042E-1	-1.2080E+3
-2.8947E-1	4.9896E-1	-8.4700E+2
-2.8947E-1	4.9896E-1	-1.0260E+3
-2.8936E-1	4.9775E-1	-9.3100E+2
-2.8936E-1	4.9799E-1	-6.3800E+2
-2.8924E-1	4.9847E-1	-6.4600E+2
-2.8912E-1	4.9945E-1	-4.6500E+2
-2.8912E-1	5.0042E-1	-8.3100E+2
-2.8900E-1	4.9872E-1	-8.8000E+2
-2.8900E-1	4.9896E-1	1.6500E+2
-2.8889E-1	4.9969E-1	-5.4400E+2
-2.8889E-1	4.9872E-1	3.5200E+2
-2.8877E-1	4.9799E-1	4.1500E+2
-2.8877E-1	4.9872E-1	6.2700E+2
-2.8865E-1	4.9945E-1	7.4500E+2
-2.8865E-1	4.9896E-1	5.7400E+2
-2.8853E-1	4.9920E-1	3.8900E+2
-2.8853E-1	4.9945E-1	6.1700E+2
-2.8842E-1	4.9750E-1	1.1290E+3
-2.8842E-1	4.9653E-1	1.4430E+3
-2.8830E-1	4.9823E-1	3.3300E+2
-2.8830E-1	4.9653E-1	8.0800E+2
-2.8818E-1	4.9507E-1	1.4890E+3
-2.8818E-1	4.9556E-1	7.2400E+2
-2.8806E-1	4.9434E-1	1.4800E+3
-2.8806E-1	4.9459E-1	1.7460E+3
-2.8794E-1	4.9216E-1	1.9460E+3
-2.8794E-1	4.9313E-1	1.5130E+3
-2.8783E-1	4.9167E-1	1.0310E+3
-2.8783E-1	4.9337E-1	1.5180E+3
-2.8771E-1	4.9167E-1	1.7900E+3
-2.8771E-1	4.9094E-1	1.9070E+3
-2.8759E-1	4.8803E-1	1.5740E+3
-2.8759E-1	4.8949E-1	8.0700E+2
-2.8747E-1	4.8973E-1	1.4580E+3
-2.8747E-1	4.8754E-1	1.3600E+3
-2.8736E-1	4.8657E-1	1.4600E+3
-2.8736E-1	4.8779E-1	1.4140E+3
-2.8724E-1	4.8851E-1	6.7600E+2
-2.8712E-1	4.8803E-1	1.2690E+3
-2.8712E-1	4.8681E-1	1.0560E+3
-2.8700E-1	4.8949E-1	1.6840E+3
-2.8700E-1	4.8681E-1	1.1000E+3
-2.8689E-1	4.8657E-1	8.4200E+2
-2.8689E-1	4.8463E-1	1.1890E+3
-2.8677E-1	4.8681E-1	1.0090E+3
-2.8677E-1	4.8511E-1	4.5000E+2
-2.8665E-1	4.8293E-1	6.3100E+2
-2.8665E-1	4.8366E-1	1.3110E+3
-2.8653E-1	4.8536E-1	4.2400E+2
-2.8653E-1	4.8293E-1	9.3800E+2
-2.8642E-1	4.8098E-1	4.3900E+2
-2.8642E-1	4.8001E-1	1.8800E+2
-2.8630E-1	4.8123E-1	8.4000E+2
-2.8630E-1	4.8317E-1	1.1340E+3
-2.8618E-1	4.8147E-1	3.2100E+2
-2.8618E-1	4.7904E-1	8.4100E+2
-2.8606E-1	4.8050E-1	6.4200E+2
-2.8606E-1	4.7953E-1	5.4900E+2
-2.8594E-1	4.7880E-1	1.0520E+3
-2.8594E-1	4.7831E-1	5.4300E+2
-2.8583E-1	4.7831E-1	8.6000E+2
-2.8583E-1	4.7807E-1	4.1500E+2
-2.8571E-1	4.7758E-1	2.1700E+2
-2.8571E-1	4.7880E-1	1.4200E+2
-2.8559E-1	4.7685E-1	4.8000E+1
-2.8559E-1	4.7807E-1	2.8300E+2
-2.8547E-1	4.7661E-1	2.0300E+2
-2.8547E-1	4.7783E-1	5.6000E+1
-2.8536E-1	4.7734E-1	5.3000E+2
-2.8524E-1	4.7734E-1	-3.4000E+1
-2.8524E-1	4.7831E-1	1.3700E+2
-2.8512E-1	4.7807E-1	4.2600E+2
-2.8512E-1	4.7734E-1	1.5900E+2
-2.8500E-1	4.7734E-1	-3.6000E+1
-2.8500E-1	4.7685E-1	4.0300E+2
-2.8489E-1	4.7540E-1	-3.2300E+2
-2.8489E-1	4.7685E-1	-5.2000E+1
-2.8477E-1	4.7734E-1	-9.0000E+0
-2.8477E-1	4.7540E-1	-7.7000E+1
-2.8465E-1	4.7515E-1	-4.0200E+2
-2.8465E-1	4.7394E-1	2.0300E+2
-2.8453E-1	4.7588E-1	-1.7500E+2
-2.8453E-1	4.7394E-1	-2.3200E+2
-2.8442E-1	4.7588E-1	-7.9500E+2
-2.8442E-1	4.7491E-1	8.5600E+2
-2.8430E-1	4.7442E-1	-3.4900E+2
-2.8430E-1	4.7515E-1	-1.3500E+2
-2.8418E-1	4.7564E-1	-7.3100E+2
-2.8418E-1	4.7612E-1	-5.1000E+1
-2.8406E-1	4.7467E-1	-2.3300E+2
-2.8406E-1	4.7588E-1	3.1300E+2
-2.8394E-1	4.7612E-1	1.0000E+2
-2.8394E-1	4.7588E-1	-2.0000E+1
-2.8383E-1	4.7637E-1	-3.1900E+2
-2.8383E-1	4.7564E-1	-3.4300E+2
-2.8371E-1	4.7637E-1	-1.1900E+2
-2.8371E-1	4.7564E-1	-2.7200E+2
-2.8359E-1	4.7710E-1	-4.3400E+2
-2.8359E-1	4.7612E-1	-7.0800E+2
-2.8347E-1	4.7758E-1	-5.4300E+2
-2.8336E-1	4.7612E-1	-5.5300E+2
-2.8336E-1	4.7612E-1	-8.8600E+2
-2.8324E-1	4.7612E-1	-6.5500E+2
-2.8324E-1	4.7783E-1	-4.1900E+2
-2.8312E-1	4.7564E-1	-5.0900E+2
-2.8312E-1	4.7515E-1	-1.7400E+2
-2.8300E-1	4.7710E-1	-3.5600E+2
-2.8300E-1	4.7734E-1	-6.2100E+2
-2.8289E-1	4.7734E-1	-2.2200E+2
-2.8289E-1	4.7807E-1	-1.1290E+3
-2.8277E-1	4.7661E-1	-9.3700E+2
-2.8277E-1	4.7734E-1	-9.6600E+2
-2.8265E-1	4.7710E-1	-8.4000E+2
-2.8265E-1	4.7588E-1	-7.8400E+2
-2.8253E-1	4.7710E-1	-1.0790E+3
-2.8253E-1	4.7807E-1	-7.6300E+2
-2.8241E-1	4.7977E-1	-1.0810E+3
-2.8241E-1	4.7928E-1	-1.0450E+3
-2.8230E-1	4.7855E-1	-5.4600E+2
-2.8230E-1	4.8147E-1	-6.5400E+2
-2.8218E-1	4.7977E-1	-1.2400E+2
-2.8218E-1	4.8074E-1	-7.0500E+2
-2.8206E-1	4.8025E-1	-9.6400E+2
-2.8206E-1	4.7880E-1	-2.3400E+2
-2.8194E-1	4.7855E-1	-7.8600E+2
-2.8194E-1	4.8050E-1	-5.0300E+2
-2.8183E-1	4.8025E-1	-7.2900E+2
-2.8183E-1	4.8220E-1	-1.1450E+3
-2.8171E-1	4.7855E-1	-2.0500E+2
-2.8171E-1	4.7928E-1	3.3700E+2
-2.8159E-1	4.7904E-1	-8.3000E+1
-2.8147E-1	4.8025E-1	-1.8400E+2
-2.8147E-1	4.7904E-1	2.3400E+2
-2.8136E-1	4.7880E-1	8.9000E+1
-2.8136E-1	4.8098E-1	-1.1300E+2
-2.8124E-1	4.7928E-1	6.8100E+2
-2.8124E-1	4.7758E-1	5.9500E+2
-2.8112E-1	4.7977E-1	1.9300E+2
-2.8112E-1	4.7928E-1	7.0500E+2
-2.8100E-1	4.7588E-1	4.4400E+2
-2.8100E-1	4.7831E-1	5.5300E+2
-2.8089E-1	4.7977E-1	6.6300E+2
-2.8089E-1	4.7807E-1	7.7900E+2
-2.8077E-1	4.7661E-1	1.1430E+3
-2.8077E-1	4.7783E-1	7.5100E+2
-2.8065E-1	4.7953E-1	1.1970E+3
-2.8065E-1	4.7491E-1	5.2500E+2
-2.8053E-1	4.7540E-1	5.9800E+2
-2.8053E-1	4.7491E-1	1.3040E+3
-2.8041E-1	4.7394E-1	9.5100E+2
-2.8041E-1	4.7394E-1	1.1240E+3
-2.8030E-1	4.7370E-1	1.2260E+3
-2.8030E-1	4.7272E-1	1.2390E+3
-2.8018E-1	4.7345E-1	1.0680E+3
-2.8018E-1	4.7418E-1	1.1940E+3
-2.8006E-1	4.7297E-1	4.4100E+2
-2.8006E-1	4.7272E-1	4.7800E+2
-2.7994E-1	4.7321E-1	7.2100E+2
-2.7994E-1	4.7272E-1	8.0600E+2
-2.7983E-1	4.7297E-1	1.0530E+3
-2.7983E-1	4.7321E-1	8.1400E+2
-2.7971E-1	4.7248E-1	3.6000E+2
-2.7959E-1	4.7199E-1	1.3510E+3
-2.7959E-1	4.7248E-1	4.3500E+2
-2.7947E-1	4.7224E-1	1.3800E+2
-2.7947E-1	4.7005E-1	2.2500E+2
-2.7936E-1	4.7175E-1	1.6100E+2
-2.7936E-1	4.7175E-1	-2.1500E+2
-2.7924E-1	4.7175E-1	3.5700E+2
-2.7924E-1	4.7029E-1	1.6800E+2
-2.7912E-1	4.7151E-1	1.8600E+2
-2.7912E-1	4.7102E-1	-4.9000E+1
-2.7900E-1	4.7005E-1	8.6100E+2
-2.7900E-1	4.7054E-1	2.7300E+2
-2.7889E-1	4.7078E-1	2.7300E+2
-2.7889E-1	4.7102E-1	-9.8000E+1
-2.7877E-1	4.7199E-1	3.4300E+2
-2.7877E-1	4.7345E-1	-1.3700E+2
-2.7865E-1	4.7321E-1	-2.1600E+2
-2.7865E-1	4.7151E-1	-1.4700E+2
-2.7853E-1	4.7272E-1	-1.1700E+2
-2.7853E-1	4.7224E-1	7.9000E+1
-2.7841E-1	4.7272E-1	-4.0000E+1
-2.7841E-1	4.7272E-1	-4.3800E+2
-2.7830E-1	4.7175E-1	-3.6700E+2
-2.7830E-1	4.7321E-1	-8.5000E+2
-2.7818E-1	4.7297E-1	1.6000E+1
-2.7818E-1	4.7272E-1	-2.7400E+2
-2.7806E-1	4.7345E-1	-1.0500E+2
-2.7806E-1	4.7467E-1	-7.6500E+2
-2.7794E-1	4.7612E-1	-3.5500E+2
-2.7794E-1	4.7515E-1	-5.8300E+2
-2.7783E-1	4.7540E-1	-9.9100E+2
-2.7771E-1	4.7685E-1	-9.6300E+2
-2.7771E-1	4.7515E-1	-5.8000E+2
-2.7759E-1	4.7637E-1	-1.3140E+3
-2.7759E-1	4.7904E-1	-6.2200E+2
-2.7747E-1	4.7734E-1	-1.8790E+3
-2.7747E-1	4.7831E-1	-1.3830E+3
-2.7736E-1	4.8050E-1	-9.8700E+2
-2.7736E-1	4.8268E-1	-8.3500E+2
-2.7724E-1	4.8074E-1	-1.1040E+3
-2.7724E-1	4.8171E-1	-7.9700E+2
-2.7712E-1	4.8536E-1	-1.8640E+3
-2.7712E-1	4.8511E-1	-1.0680E+3
-2.7700E-1	4.8463E-1	-1.5780E+3
-2.7700E-1	4.8730E-1	-1.6030E+3
-2.7689E-1	4.9386E-1	-2.2050E+3
-2.7689E-1	4.9677E-1	-2.5960E+3
-2.7677E-1	4.9702E-1	-2.9650E+3
-2.7677E-1	5.0115E-1	-2.5120E+3
-2.7665E-1	5.0042E-1	-3.0010E+3
-2.7665E-1	5.0163E-1	-2.5350E+3
-2.7653E-1	5.0941E-1	-3.2600E+3
-2.7653E-1	5.1014E-1	-3.7770E+3
-2.7641E-1	5.0941E-1	-3.5580E+3
-2.7641E-1	5.1159E-1	-2.9570E+3
-2.7630E-1	5.1086E-1	-4.2100E+3
-2.7630E-1	5.1548E-1	-3.9550E+3
-2.7618E-1	5.1621E-1	-3.4230E+3
-2.7618E-1	5.1694E-1	-3.7370E+3
-2.7606E-1	5.1888E-1	-3.6530E+3
-2.7606E-1	5.1791E-1	-3.5560E+3
-2.7594E-1	5.2228E-1	-3.4850E+3
-2.7583E-1	5.2787E-1	-3.8500E+3
-2.7583E-1	5.3127E-1	-3.4150E+3
-2.7571E-1	5.3419E-1	-3.5750E+3
-2.7571E-1	5.3419E-1	-3.6070E+3
-2.7559E-1	5.3783E-1	-3.6970E+3
-2.7559E-1	5.4074E-1	-2.9640E+3
-2.7547E-1	5.4293E-1	-2.7560E+3
-2.7547E-1	5.4220E-1	-2.7690E+3
-2.7536E-1	5.4755E-1	-1.4230E+3
-2.7536E-1	5.4803E-1	-1.4270E+3
-2.7524E-1	5.4779E-1	-7.5800E+2
-2.7524E-1	5.4828E-1	-1.0630E+3
-2.7512E-1	5.4900E-1	-2.3700E+2
-2.7512E-1	5.4852E-1	5.0500E+2
-2.7500E-1	5.4342E-1	2.7120E+3
-2.7500E-1	5.3491E-1	3.0200E+3
-2.7488E-1	5.3734E-1	3.0630E+3
-2.7488E-1	5.3516E-1	2.6990E+3
-2.7477E-1	5.2495E-1	3.5630E+3
-2.7477E-1	5.2301E-1	3.6170E+3
-2.7465E-1	5.2350E-1	3.4530E+3
-2.7465E-1	5.2252E-1	3.5660E+3
-2.7453E-1	5.1281E-1	3.1770E+3
-2.7453E-1	5.1572E-1	3.4340E+3
-2.7441E-1	5.1815E-1	3.0180E+3
-2.7441E-1	5.0795E-1	3.2980E+3
-2.7430E-1	5.0236E-1	2.6940E+3
-2.7430E-1	5.0382E-1	2.8770E+3
-2.7418E-1	5.0795E-1	3.4640E+3
-2.7418E-1	5.0260E-1	2.6880E+3
-2.7406E-1	5.0042E-1	3.1800E+3
-2.7394E-1	4.9945E-1	2.4430E+3
-2.7394E-1	4.9434E-1	2.3780E+3
-2.7383E-1	4.9264E-1	2.6780E+3
-2.7383E-1	4.9143E-1	2.0720E+3
-2.7371E-1	4.9143E-1	2.2440E+3
-2.7371E-1	4.8827E-1	1.8580E+3
-2.7359E-1	4.8779E-1	1.7910E+3
-2.7359E-1	4.8536E-1	1.1770E+3
-2.7347E-1	4.8366E-1	9.7900E+2
-2.7347E-1	4.8171E-1	5.4500E+2
-2.7336E-1	4.8171E-1	7.5000E+2
-2.7336E-1	4.8220E-1	1.1650E+3
-2.7324E-1	4.7880E-1	1.0160E+3
-2.7324E-1	4.7807E-1	7.3000E+2
-2.7312E-1	4.7564E-1	7.7800E+2
-2.7312E-1	4.7442E-1	7.9700E+2
-2.7300E-1	4.7394E-1	8.6300E+2
-2.7300E-1	4.7418E-1	-1.0000E+2
-2.7288E-1	4.7272E-1	3.0400E+2
-2.7288E-1	4.7321E-1	2.9100E+2
-2.7277E-1	4.7272E-1	1.8500E+2
-2.7277E-1	4.7175E-1	6.4100E+2
-2.7265E-1	4.7248E-1	1.2000E+1
-2.7265E-1	4.7370E-1	1.9800E+2
-2.7253E-1	4.7272E-1	-7.8000E+1
-2.7253E-1	4.7321E-1	-2.8100E+2
-2.7241E-1	4.7199E-1	3.7000E+1
-2.7241E-1	4.7224E-1	-4.9000E+2
-2.7230E-1	4.7199E-1	-1.9900E+2
-2.7230E-1	4.7224E-1	-4.6900E+2
-2.7218E-1	4.7297E-1	-7.8700E+2
-2.7218E-1	4.7248E-1	-2.6200E+2
-2.7206E-1	4.7248E-1	4.0000E+1
-2.7194E-1	4.7345E-1	-3.7600E+2
-2.7194E-1	4.7199E-1	-3.8200E+2
-2.7183E-1	4.7297E-1	-2.1100E+2
-2.7183E-1	4.7442E-1	-9.5300E+2
-2.7171E-1	4.7540E-1	-5.7100E+2
-2.7171E-1	4.7394E-1	-7.8500E+2
-2.7159E-1	4.7418E-1	-7.5900E+2
-2.7159E-1	4.7467E-1	-1.5120E+3
-2.7147E-1	4.7564E-1	-6.3900E+2
-2.7147E-1	4.7685E-1	-7.6800E+2
-2.7136E-1	4.7637E-1	-9.5900E+2
-2.7136E-1	4.7710E-1	-8.1600E+2
-2.7124E-1	4.7928E-1	-1.3540E+3
-2.7124E-1	4.8025E-1	-1.5180E+3
-2.7112E-1	4.8366E-1	-1.3520E+3
-2.7112E-1	4.8196E-1	-2.1090E+3
-2.7100E-1	4.8414E-1	-1.4750E+3
-2.7100E-1	4.8341E-1	-2.2530E+3
-2.7088E-1	4.8754E-1	-2.1530E+3
-2.7088E-1	4.8803E-1	-2.2970E+3
-2.7077E-1	4.8973E-1	-1.8400E+3
-2.7077E-1	4.9264E-1	-3.4970E+3
-2.7065E-1	4.9799E-1	-2.7520E+3
-2.7065E-1	4.9556E-1	-2.9900E+3
-2.7053E-1	4.9896E-1	-2.8370E+3
-2.7053E-1	4.9945E-1	-2.9760E+3
-2.7041E-1	5.0455E-1	-3.6260E+3
-2.7041E-1	5.0236E-1	-3.4330E+3
-2.7030E-1	5.0115E-1	-2.7600E+3
-2.7030E-1	5.0430E-1	-3.5780E+3
-2.7018E-1	5.0965E-1	-3.6790E+3
-2.7006E-1	5.0722E-1	-3.8640E+3
-2.7006E-1	5.0795E-1	-4.2110E+3
-2.6994E-1	5.1767E-1	-3.7470E+3
-2.6994E-1	5.2423E-1	-4.7970E+3
-2.6983E-1	5.2131E-1	-4.3830E+3
-2.6983E-1	5.2301E-1	-4.5530E+3
-2.6971E-1	5.3613E-1	-5.0240E+3
-2.6971E-1	5.3273E-1	-5.1000E+3
-2.6959E-1	5.3467E-1	-5.1520E+3
-2.6959E-1	5.4002E-1	-5.8700E+3
-2.6947E-1	5.4973E-1	-6.0910E+3
-2.6947E-1	5.6164E-1	-5.2280E+3
-2.6936E-1	5.6382E-1	-5.2590E+3
-2.6936E-1	5.6868E-1	-4.9920E+3
-2.6924E-1	5.7548E-1	-4.6150E+3
-2.6924E-1	5.7330E-1	-5.0280E+3
-2.6912E-1	5.8204E-1	-4.0850E+3
-2.6912E-1	5.8666E-1	-3.5300E+3
-2.6900E-1	5.8302E-1	-4.5370E+3
-2.6900E-1	5.8374E-1	-4.3070E+3
-2.6888E-1	5.8957E-1	-2.2980E+3
-2.6888E-1	5.9127E-1	-2.5090E+3
-2.6877E-1	5.9103E-1	-1.8900E+3
-2.6877E-1	5.9200E-1	-1.2200E+3
-2.6865E-1	5.9249E-1	1.1470E+3
-2.6865E-1	5.9200E-1	8.4500E+2
-2.6853E-1	5.9152E-1	1.1300E+2
-2.6853E-1	5.8982E-1	9.5600E+2
-2.6841E-1	5.9055E-1	1.1520E+3
-2.6841E-1	5.9127E-1	4.0800E+2
-2.6830E-1	5.9055E-1	1.6260E+3
-2.6818E-1	5.8787E-1	1.9020E+3
-2.6818E-1	5.8350E-1	2.7570E+3
-2.6806E-1	5.8569E-1	2.3010E+3
-2.6806E-1	5.8253E-1	3.0460E+3
-2.6794E-1	5.7403E-1	3.7010E+3
-2.6794E-1	5.6577E-1	4.1590E+3
-2.6783E-1	5.6941E-1	4.4510E+3
-2.6783E-1	5.6115E-1	4.8970E+3
-2.6771E-1	5.5775E-1	5.3950E+3
-2.6771E-1	5.4925E-1	5.4770E+3
-2.6759E-1	5.5338E-1	5.2970E+3
-2.6759E-1	5.4779E-1	5.5920E+3
-2.6747E-1	5.3273E-1	5.1860E+3
-2.6747E-1	5.2908E-1	4.7940E+3
-2.6735E-1	5.3346E-1	5.2010E+3
-2.6735E-1	5.2811E-1	5.1000E+3
-2.6724E-1	5.1718E-1	4.5480E+3
-2.6724E-1	5.1645E-1	4.3760E+3
-2.6712E-1	5.1864E-1	4.0200E+3
-2.6712E-1	5.1354E-1	4.6420E+3
-2.6700E-1	5.0333E-1	4.1610E+3
-2.6700E-1	5.0479E-1	4.0930E+3
-2.6688E-1	5.0236E-1	4.0540E+3
-2.6688E-1	4.9677E-1	3.5910E+3
-2.6677E-1	4.9167E-1	3.7140E+3
-2.6677E-1	4.9046E-1	3.2680E+3
-2.6665E-1	4.8657E-1	3.1650E+3
-2.6665E-1	4.8536E-1	2.6560E+3
-2.6653E-1	4.8511E-1	2.7560E+3
-2.6653E-1	4.8341E-1	3.3330E+3
-2.6641E-1	4.8487E-1	2.7800E+3
-2.6630E-1	4.7783E-1	2.5920E+3
-2.6630E-1	4.7880E-1	2.2430E+3
-2.6618E-1	4.7880E-1	2.9090E+3
-2.6618E-1	4.7661E-1	2.6330E+3
-2.6606E-1	4.7345E-1	2.0960E+3
-2.6606E-1	4.6859E-1	1.3940E+3
-2.6594E-1	4.6884E-1	1.5370E+3
-2.6594E-1	4.6762E-1	2.1710E+3
-2.6583E-1	4.6349E-1	1.5130E+3
-2.6583E-1	4.6131E-1	8.9100E+2
-2.6571E-1	4.6203E-1	1.5540E+3
-2.6571E-1	4.6228E-1	1.9800E+3
-2.6559E-1	4.5669E-1	1.4420E+3
-2.6559E-1	4.5426E-1	1.5020E+3
-2.6547E-1	4.5475E-1	1.3030E+3
-2.6547E-1	4.5353E-1	8.8300E+2
-2.6535E-1	4.5305E-1	1.0360E+3
-2.6535E-1	4.5232E-1	1.0820E+3
-2.6524E-1	4.5062E-1	1.1220E+3
-2.6524E-1	4.4989E-1	8.5700E+2
-2.6512E-1	4.4892E-1	8.2000E+2
-2.6512E-1	4.4746E-1	1.1870E+3
-2.6500E-1	4.4576E-1	1.2730E+3
-2.6500E-1	4.4552E-1	3.5900E+2
-2.6488E-1	4.4454E-1	1.4160E+3
-2.6488E-1	4.4430E-1	7.4400E+2
-2.6477E-1	4.4236E-1	8.0000E+2
-2.6477E-1	4.4139E-1	6.8800E+2
-2.6465E-1	4.4333E-1	-6.4000E+1
-2.6465E-1	4.4236E-1	3.0800E+2
-2.6453E-1	4.4309E-1	-9.8000E+1
-2.6441E-1	4.4114E-1	7.2900E+2
-2.6441E-1	4.4090E-1	7.8300E+2
-2.6430E-1	4.4090E-1	-2.1400E+2
-2.6430E-1	4.3847E-1	4.8500E+2
-2.6418E-1	4.3823E-1	7.2900E+2
-2.6418E-1	4.3774E-1	-1.0600E+2
-2.6406E-1	4.3677E-1	-9.3000E+1
-2.6406E-1	4.3847E-1	7.0100E+2
-2.6394E-1	4.3750E-1	5.7100E+2
-2.6394E-1	4.3628E-1	5.3200E+2
-2.6383E-1	4.3531E-1	4.1300E+2
-2.6383E-1	4.3628E-1	1.2000E+2
-2.6371E-1	4.3555E-1	1.6900E+2
-2.6371E-1	4.3313E-1	-2.3600E+2
-2.6359E-1	4.3313E-1	3.6600E+2
-2.6359E-1	4.3410E-1	2.4200E+2
-2.6347E-1	4.2972E-1	-2.0400E+2
-2.6347E-1	4.3240E-1	4.9300E+2
-2.6335E-1	4.3070E-1	4.8700E+2
-2.6335E-1	4.3142E-1	4.0300E+2
-2.6324E-1	4.3094E-1	4.6000E+1
-2.6324E-1	4.3094E-1	3.0300E+2
-2.6312E-1	4.2948E-1	-2.3000E+1
-2.6312E-1	4.2997E-1	-2.9000E+1
-2.6300E-1	4.2778E-1	2.5200E+2
-2.6300E-1	4.2900E-1	1.6200E+2
-2.6288E-1	4.2900E-1	4.6700E+2
-2.6288E-1	4.2851E-1	1.3900E+2
-2.6277E-1	4.2875E-1	7.1000E+2
-2.6277E-1	4.2924E-1	5.9000E+1
-2.6265E-1	4.2948E-1	8.4000E+1
-2.6253E-1	4.2754E-1	7.2000E+1
-2.6253E-1	4.2730E-1	-3.2600E+2
-2.6241E-1	4.2730E-1	-1.1300E+2
-2.6241E-1	4.2559E-1	4.1700E+2
-2.6230E-1	4.2705E-1	-9.6000E+1
-2.6230E-1	4.2584E-1	-3.1000E+1
-2.6218E-1	4.2705E-1	2.0600E+2
-2.6218E-1	4.2511E-1	-2.6700E+2
-2.6206E-1	4.2487E-1	-2.1800E+2
-2.6206E-1	4.2584E-1	-1.0100E+2
-2.6194E-1	4.2535E-1	-5.9800E+2
-2.6194E-1	4.2414E-1	-6.7000E+1
-2.6183E-1	4.2414E-1	-2.1500E+2
-2.6183E-1	4.2414E-1	1.3900E+2
-2.6171E-1	4.2292E-1	2.7600E+2
-2.6171E-1	4.2292E-1	-6.5600E+2
-2.6159E-1	4.2389E-1	-4.0000E+1
-2.6159E-1	4.2317E-1	-6.1900E+2
-2.6147E-1	4.2122E-1	-2.4000E+1
-2.6147E-1	4.2365E-1	4.0000E+0
-2.6135E-1	4.2341E-1	-1.8600E+2
-2.6135E-1	4.2268E-1	-2.5000E+1
-2.6124E-1	4.2268E-1	4.0000E+0
-2.6124E-1	4.2146E-1	-1.3000E+1
-2.6112E-1	4.2219E-1	-3.2100E+2
-2.6112E-1	4.2219E-1	6.2200E+2
-2.6100E-1	4.2074E-1	8.7000E+1
-2.6100E-1	4.2146E-1	3.7500E+2
-2.6088E-1	4.2195E-1	-1.1800E+2
-2.6088E-1	4.2146E-1	-4.6700E+2
-2.6077E-1	4.2074E-1	2.8000E+2
-2.6065E-1	4.1928E-1	4.4000E+2
-2.6065E-1	4.1952E-1	-2.8300E+2
-2.6053E-1	4.2098E-1	2.1400E+2
-2.6053E-1	4.2098E-1	8.0000E+1
-2.6041E-1	4.2268E-1	-5.1200E+2
-2.6041E-1	4.2074E-1	-2.4300E+2
-2.6030E-1	4.1928E-1	-6.7000E+2
-2.6030E-1	4.2098E-1	1.8000E+2
-2.6018E-1	4.1904E-1	-3.7900E+2
-2.6018E-1	4.1928E-1	1.4000E+2
-2.6006E-1	4.2098E-1	5.8900E+2
-2.6006E-1	4.2049E-1	1.0000E+2
-2.5994E-1	4.1831E-1	-4.5200E+2
-2.5994E-1	4.1952E-1	-3.1700E+2
-2.5983E-1	4.1879E-1	1.0300E+2
-2.5983E-1	4.2074E-1	-5.0200E+2
-2.5971E-1	4.1976E-1	-1.7700E+2
-2.5971E-1	4.1831E-1	-1.4400E+2
-2.5959E-1	4.2025E-1	4.6500E+2
-2.5959E-1	4.1952E-1	2.1300E+2
-2.5947E-1	4.1806E-1	1.1000E+2
-2.5947E-1	4.1758E-1	-1.5600E+2
-2.5935E-1	4.1782E-1	-1.0100E+2
-2.5935E-1	4.1928E-1	-6.0000E+1
-2.5924E-1	4.1806E-1	-2.6600E+2
-2.5924E-1	4.1855E-1	4.0700E+2
-2.5912E-1	4.1976E-1	3.2000E+2
-2.5912E-1	4.2001E-1	2.7600E+2
-2.5900E-1	4.1904E-1	-4.5200E+2
-2.5900E-1	4.1831E-1	-3.1400E+2
-2.5888E-1	4.1855E-1	-2.4900E+2
-2.5877E-1	4.1904E-1	-2.0500E+2
-2.5877E-1	4.1806E-1	-6.2000E+2
-2.5877E-1	4.1855E-1	6.5000E+1
-2.5865E-1	4.1782E-1	-3.4700E+2
-2.5853E-1	4.1831E-1	-2.4500E+2
-2.5853E-1	4.1831E-1	-3.9400E+2
-2.5841E-1	4.1831E-1	-4.9800E+2
-2.5841E-1	4.1879E-1	-3.5000E+2
-2.5830E-1	4.1928E-1	-2.7000E+1
-2.5830E-1	4.1928E-1	-3.9700E+2
-2.5818E-1	4.1782E-1	-2.3600E+2
-2.5818E-1	4.1733E-1	-2.3000E+2
-2.5806E-1	4.1806E-1	2.7400E+2
-2.5806E-1	4.1952E-1	-4.3000E+2
-2.5794E-1	4.1782E-1	-4.8100E+2
-2.5794E-1	4.1879E-1	-7.3200E+2
-2.5782E-1	4.1782E-1	-6.9100E+2
-2.5782E-1	4.1904E-1	-6.8800E+2
-2.5771E-1	4.1904E-1	-7.5900E+2
-2.5771E-1	4.1782E-1	-7.3200E+2
-2.5759E-1	4.1904E-1	-7.4700E+2
-2.5759E-1	4.1952E-1	-9.8200E+2
-2.5747E-1	4.1904E-1	-7.8900E+2
-2.5747E-1	4.1855E-1	-6.6900E+2
-2.5735E-1	4.2025E-1	-9.2900E+2
-2.5735E-1	4.2025E-1	-1.1400E+2
-2.5724E-1	4.2098E-1	-4.7700E+2
-2.5724E-1	4.2025E-1	-5.9800E+2
-2.5712E-1	4.1952E-1	-1.1260E+3
-2.5712E-1	4.2049E-1	-5.6300E+2
-2.5700E-1	4.2001E-1	-1.0280E+3
-2.5700E-1	4.2122E-1	-9.1000E+2
-2.5688E-1	4.1928E-1	-4.9000E+2
-2.5688E-1	4.2122E-1	-8.4500E+2
-2.5677E-1	4.2389E-1	-1.2700E+3
-2.5665E-1	4.2341E-1	-1.2120E+3
-2.5665E-1	4.2414E-1	-1.4380E+3
-2.5653E-1	4.2268E-1	-1.7180E+3
-2.5653E-1	4.2292E-1	-1.6230E+3
-2.5641E-1	4.2341E-1	-1.2060E+3
-2.5641E-1	4.2341E-1	-1.5690E+3
-2.5630E-1	4.2559E-1	-1.0900E+3
-2.5630E-1	4.2559E-1	-1.7550E+3
-2.5618E-1	4.2778E-1	-1.6500E+3
-2.5618E-1	4.2851E-1	-1.9220E+3
-2.5606E-1	4.2875E-1	-1.4860E+3
-2.5606E-1	4.2924E-1	-1.9130E+3
-2.5594E-1	4.3094E-1	-1.1570E+3
-2.5594E-1	4.3118E-1	-1.9370E+3
-2.5582E-1	4.3094E-1	-2.2610E+3
-2.5582E-1	4.3215E-1	-1.3170E+3
-2.5571E-1	4.3385E-1	-1.8590E+3
-2.5571E-1	4.3313E-1	-1.9810E+3
-2.5559E-1	4.3458E-1	-1.8180E+3
-2.5559E-1	4.3580E-1	-1.5030E+3
-2.5547E-1	4.3628E-1	-3.2100E+2
-2.5547E-1	4.3483E-1	-1.4500E+2
-2.5535E-1	4.3701E-1	-7.2200E+2
-2.5535E-1	4.3361E-1	-7.7200E+2
-2.5524E-1	4.3555E-1	-1.0190E+3
-2.5524E-1	4.3677E-1	2.2000E+1
-2.5512E-1	4.3653E-1	-4.2100E+2
-2.5512E-1	4.3555E-1	-4.9000E+1
-2.5500E-1	4.3604E-1	-7.0700E+2
-2.5500E-1	4.3628E-1	1.4200E+2
-2.5488E-1	4.3531E-1	4.1600E+2
-2.5477E-1	4.3458E-1	7.5400E+2
-2.5477E-1	4.3555E-1	4.0400E+2
-2.5465E-1	4.3555E-1	6.6400E+2
-2.5465E-1	4.3337E-1	6.0100E+2
-2.5453E-1	4.3240E-1	1.6640E+3
-2.5453E-1	4.3410E-1	1.1800E+3
-2.5441E-1	4.3264E-1	7.2600E+2
-2.5441E-1	4.3167E-1	1.0880E+3
-2.5430E-1	4.2730E-1	9.4200E+2
-2.5430E-1	4.2559E-1	1.1420E+3
-2.5418E-1	4.2754E-1	8.5900E+2
-2.5418E-1	4.2559E-1	9.0600E+2
-2.5406E-1	4.2535E-1	1.0070E+3
-2.5406E-1	4.2632E-1	9.0700E+2
-2.5394E-1	4.2268E-1	1.0220E+3
-2.5394E-1	4.2389E-1	8.7600E+2
-2.5382E-1	4.2317E-1	6.0800E+2
-2.5382E-1	4.2389E-1	6.3800E+2
-2.5371E-1	4.2195E-1	3.1500E+2
-2.5371E-1	4.2219E-1	8.4300E+2
-2.5359E-1	4.2098E-1	3.6000E+2
-2.5359E-1	4.2171E-1	5.3800E+2
-2.5347E-1	4.2049E-1	-1.1600E+2
-2.5347E-1	4.2171E-1	5.2000E+1
-2.5335E-1	4.2219E-1	-6.0000E+1
-2.5335E-1	4.2025E-1	8.6300E+2
-2.5324E-1	4.2001E-1	2.1800E+2
-2.5324E-1	4.1976E-1	3.4500E+2
-2.5312E-1	4.2001E-1	3.0000E+2
-2.5312E-1	4.1952E-1	-1.4100E+2
-2.5300E-1	4.2122E-1	4.7000E+2
-2.5288E-1	4.1952E-1	6.7000E+1
-2.5288E-1	4.1928E-1	2.5300E+2
-2.5277E-1	4.1879E-1	-3.7900E+2
-2.5277E-1	4.1855E-1	-2.8300E+2
-2.5265E-1	4.1855E-1	1.1500E+2
-2.5265E-1	4.1952E-1	-2.7900E+2
-2.5253E-1	4.1928E-1	-2.1100E+2
-2.5253E-1	4.1782E-1	-1.0300E+2
-2.5241E-1	4.1806E-1	4.5100E+2
-2.5241E-1	4.1904E-1	2.5500E+2
-2.5230E-1	4.1831E-1	8.3000E+1
-2.5230E-1	4.1806E-1	-5.9800E+2
-2.5218E-1	4.1904E-1	-2.0500E+2
-2.5218E-1	4.1685E-1	-2.5200E+2
-2.5206E-1	4.1831E-1	3.3000E+1
-2.5206E-1	4.1879E-1	-2.5000E+1
-2.5194E-1	4.1782E-1	-5.5100E+2
-2.5194E-1	4.1806E-1	-6.8000E+1
-2.5182E-1	4.1685E-1	-3.2500E+2
-2.5182E-1	4.1831E-1	-2.9800E+2
-2.5171E-1	4.1806E-1	-1.3200E+2
-2.5171E-1	4.1758E-1	-6.8100E+2
-2.5159E-1	4.1709E-1	-8.7700E+2
-2.5159E-1	4.1758E-1	2.4700E+2
-2.5147E-1	4.1758E-1	-2.4700E+2
-2.5147E-1	4.1661E-1	-1.0700E+2
-2.5135E-1	4.1879E-1	-3.5300E+2
-2.5135E-1	4.1758E-1	4.5300E+2
-2.5124E-1	4.1758E-1	-5.5800E+2
-2.5124E-1	4.1782E-1	-1.1510E+3
-2.5112E-1	4.1831E-1	-3.0200E+2
-2.5100E-1	4.1782E-1	-3.8900E+2
-2.5100E-1	4.1733E-1	-5.3400E+2
-2.5088E-1	4.1879E-1	5.5000E+1
-2.5088E-1	4.1782E-1	-4.0700E+2
-2.5077E-1	4.1709E-1	-1.9800E+2
-2.5077E-1	4.1831E-1	-3.4900E+2
-2.5065E-1	4.1831E-1	-5.9000E+1
-2.5065E-1	4.1855E-1	1.9700E+2
-2.5053E-1	4.1855E-1	-1.3100E+2
-2.5053E-1	4.1831E-1	-2.2900E+2
-2.5041E-1	4.1831E-1	-7.1300E+2
-2.5041E-1	4.1709E-1	-6.1100E+2
-2.5029E-1	4.1879E-1	-1.9100E+2
-2.5029E-1	4.1904E-1	-8.9000E+2
-2.5018E-1	4.1758E-1	-8.5400E+2
-2.5018E-1	4.1952E-1	-2.3200E+2
-2.5006E-1	4.1952E-1	-1.4000E+2
-2.5006E-1	4.1855E-1	7.0000E+0
-2.4994E-1	4.1831E-1	2.3800E+2
-2.4994E-1	4.1879E-1	-4.8000E+2
-2.4982E-1	4.1806E-1	-7.3300E+2
-2.4982E-1	4.1831E-1	-2.2700E+2
-2.4971E-1	4.1685E-1	-1.0800E+2
-2.4971E-1	4.2001E-1	-5.1300E+2
-2.4959E-1	4.1904E-1	-6.1400E+2
-2.4959E-1	4.1952E-1	-1.0700E+2
-2.4947E-1	4.1976E-1	1.1000E+2
-2.4947E-1	4.1976E-1	-1.1790E+3
-2.4935E-1	4.1879E-1	-1.0240E+3
-2.4935E-1	4.1928E-1	-4.4300E+2
-2.4924E-1	4.1831E-1	-6.3400E+2
-2.4912E-1	4.1879E-1	-7.2600E+2
-2.4912E-1	4.2025E-1	-5.4900E+2
-2.4900E-1	4.1976E-1	-6.7000E+2
-2.4900E-1	4.2074E-1	-7.9200E+2
-2.4888E-1	4.1855E-1	2.0100E+2
-2.4888E-1	4.2025E-1	-6.8700E+2
-2.4877E-1	4.1782E-1	-1.0590E+3
-2.4877E-1	4.2122E-1	7.6000E+1
-2.4865E-1	4.1904E-1	-3.9700E+2
-2.4865E-1	4.2001E-1	9.1000E+1
-2.4853E-1	4.2025E-1	-1.1360E+3
-2.4853E-1	4.2098E-1	-9.2700E+2
-2.4841E-1	4.2049E-1	-7.0900E+2
-2.4841E-1	4.1952E-1	-3.5600E+2
-2.4829E-1	4.1855E-1	-2.1100E+2
-2.4829E-1	4.2098E-1	-1.3300E+2
-2.4818E-1	4.2049E-1	-3.5200E+2
-2.4818E-1	4.2195E-1	-1.0450E+3
-2.4806E-1	4.2049E-1	-8.7000E+2
-2.4806E-1	4.2317E-1	-3.4200E+2
-2.4794E-1	4.2001E-1	-1.7800E+2
-2.4794E-1	4.2268E-1	-6.6600E+2
-2.4782E-1	4.2049E-1	-4.5400E+2
-2.4782E-1	4.2122E-1	-1.2300E+2
-2.4771E-1	4.2171E-1	-2.1000E+1
-2.4771E-1	4.2171E-1	-1.0660E+3
-2.4759E-1	4.2122E-1	-6.3400E+2
-2.4759E-1	4.2049E-1	-9.4400E+2
-2.4747E-1	4.2195E-1	-3.1100E+2
-2.4747E-1	4.2098E-1	-5.8300E+2
-2.4735E-1	4.2098E-1	-4.2200E+2
-2.4724E-1	4.2244E-1	-7.9300E+2
-2.4724E-1	4.2195E-1	-5.2400E+2
-2.4712E-1	4.2244E-1	-9.6300E+2
-2.4712E-1	4.2146E-1	-8.1300E+2
-2.4700E-1	4.2171E-1	-4.0000E+2
-2.4700E-1	4.2122E-1	1.8900E+2
-2.4688E-1	4.2146E-1	-5.6100E+2
-2.4688E-1	4.2268E-1	2.9200E+2
-2.4677E-1	4.2268E-1	-8.3300E+2
-2.4677E-1	4.2268E-1	-6.3900E+2
-2.4665E-1	4.2341E-1	-4.0500E+2
-2.4665E-1	4.2389E-1	-9.2300E+2
-2.4653E-1	4.2438E-1	-9.1400E+2
-2.4653E-1	4.2268E-1	-2.9800E+2
-2.4641E-1	4.2389E-1	-5.0200E+2
-2.4641E-1	4.2268E-1	-6.3200E+2
-2.4629E-1	4.2511E-1	-5.5600E+2
-2.4629E-1	4.2462E-1	-4.9900E+2
-2.4618E-1	4.2414E-1	-1.9900E+2
-2.4618E-1	4.2462E-1	-9.1700E+2
-2.4606E-1	4.2438E-1	-8.6300E+2
-2.4606E-1	4.2414E-1	-8.2800E+2
-2.4594E-1	4.2389E-1	-4.8900E+2
-2.4594E-1	4.2438E-1	8.6000E+1
-2.4582E-1	4.2608E-1	-5.6300E+2
-2.4582E-1	4.2438E-1	-1.2100E+2
-2.4571E-1	4.2632E-1	-3.0600E+2
-2.4571E-1	4.2559E-1	-6.5300E+2
-2.4559E-1	4.2559E-1	-2.0900E+2
-2.4559E-1	4.2414E-1	-4.7200E+2
-2.4547E-1	4.2657E-1	-6.5000E+2
-2.4535E-1	4.2487E-1	-1.0590E+3
-2.4535E-1	4.2657E-1	-6.1500E+2
-2.4524E-1	4.2511E-1	-4.2600E+2
-2.4524E-1	4.2608E-1	-5.9900E+2
-2.4512E-1	4.2681E-1	-1.0810E+3
-2.4512E-1	4.2608E-1	-3.3100E+2
-2.4500E-1	4.2681E-1	-9.4400E+2
-2.4500E-1	4.2705E-1	-8.6000E+1
-2.4488E-1	4.2754E-1	-6.9900E+2
-2.4488E-1	4.2657E-1	-5.7600E+2
-2.4477E-1	4.2632E-1	-3.2600E+2
-2.4477E-1	4.2705E-1	-7.7300E+2
-2.4465E-1	4.2778E-1	-7.6700E+2
-2.4465E-1	4.2972E-1	-1.1500E+2
-2.4453E-1	4.2827E-1	-1.6600E+2
-2.4453E-1	4.2851E-1	-5.1900E+2
-2.4441E-1	4.2851E-1	-7.1100E+2
-2.4441E-1	4.2730E-1	-7.4900E+2
-2.4429E-1	4.2851E-1	-5.6700E+2
-2.4429E-1	4.2754E-1	-1.0080E+3
-2.4418E-1	4.3142E-1	-5.3700E+2
-2.4418E-1	4.2924E-1	-5.7800E+2
-2.4406E-1	4.2997E-1	-6.0200E+2
-2.4406E-1	4.2875E-1	-3.7700E+2
-2.4394E-1	4.2948E-1	-9.9000E+2
-2.4394E-1	4.2997E-1	-9.4700E+2
-2.4382E-1	4.2948E-1	-6.9100E+2
-2.4382E-1	4.2997E-1	-6.1000E+2
-2.4371E-1	4.3021E-1	-6.3900E+2
-2.4371E-1	4.2948E-1	-8.9700E+2
