Aux out [V]	Aux in [V]	PDH out [a.u.]
-7.4869E-1	1.0771E+0	6.0000E+1
-7.4786E-1	1.0771E+0	-6.6900E+2
-7.4704E-1	1.0767E+0	-6.6300E+2
-7.4633E-1	1.0757E+0	-1.0250E+3
-7.4551E-1	1.0786E+0	-3.8000E+2
-7.4468E-1	1.0771E+0	-8.4300E+2
-7.4386E-1	1.0754E+0	-3.1900E+2
-7.4304E-1	1.0776E+0	-3.2600E+2
-7.4233E-1	1.0774E+0	-1.0380E+3
-7.4151E-1	1.0764E+0	-8.4600E+2
-7.4068E-1	1.0764E+0	-8.5000E+2
-7.3986E-1	1.0757E+0	-3.9600E+2
-7.3904E-1	1.0774E+0	-5.9900E+2
-7.3833E-1	1.0762E+0	-6.3800E+2
-7.3751E-1	1.0762E+0	-8.6100E+2
-7.3668E-1	1.0774E+0	-1.9300E+2
-7.3586E-1	1.0764E+0	-7.8200E+2
-7.3504E-1	1.0762E+0	-2.2000E+2
-7.3433E-1	1.0769E+0	-7.9500E+2
-7.3351E-1	1.0754E+0	-6.8300E+2
-7.3257E-1	1.0759E+0	-1.8800E+2
-7.3186E-1	1.0769E+0	-1.1920E+3
-7.3104E-1	1.0757E+0	-1.0990E+3
-7.3033E-1	1.0771E+0	-2.6000E+2
-7.2951E-1	1.0759E+0	-4.1400E+2
-7.2857E-1	1.0757E+0	-5.6700E+2
-7.2786E-1	1.0774E+0	-5.4500E+2
-7.2704E-1	1.0774E+0	-5.5500E+2
-7.2621E-1	1.0747E+0	-7.2200E+2
-7.2551E-1	1.0771E+0	-1.4390E+3
-7.2468E-1	1.0754E+0	-5.4800E+2
-7.2386E-1	1.0759E+0	-6.0000E+0
-7.2304E-1	1.0771E+0	-5.9500E+2
-7.2221E-1	1.0757E+0	-1.1300E+2
-7.2151E-1	1.0769E+0	-7.3500E+2
-7.2068E-1	1.0750E+0	4.4000E+1
-7.1986E-1	1.0752E+0	-7.5200E+2
-7.1904E-1	1.0759E+0	-6.2100E+2
-7.1821E-1	1.0771E+0	-6.7800E+2
-7.1751E-1	1.0779E+0	-5.7100E+2
-7.1668E-1	1.0747E+0	-6.8900E+2
-7.1586E-1	1.0754E+0	-4.7600E+2
-7.1504E-1	1.0750E+0	-9.6900E+2
-7.1421E-1	1.0771E+0	-3.8200E+2
-7.1351E-1	1.0752E+0	-1.9100E+2
-7.1268E-1	1.0759E+0	-6.9900E+2
-7.1186E-1	1.0747E+0	-7.8400E+2
-7.1104E-1	1.0740E+0	-5.0600E+2
-7.1021E-1	1.0764E+0	-4.9900E+2
-7.0951E-1	1.0750E+0	-1.4100E+2
-7.0868E-1	1.0757E+0	-6.8800E+2
-7.0774E-1	1.0767E+0	-7.1900E+2
-7.0703E-1	1.0762E+0	-7.6400E+2
-7.0621E-1	1.0745E+0	-8.1800E+2
-7.0551E-1	1.0752E+0	-5.2800E+2
-7.0468E-1	1.0745E+0	-7.7700E+2
-7.0386E-1	1.0769E+0	-1.0850E+3
-7.0303E-1	1.0745E+0	-6.5800E+2
-7.0221E-1	1.0752E+0	-4.3600E+2
-7.0139E-1	1.0745E+0	-5.2500E+2
-7.0068E-1	1.0745E+0	-4.5900E+2
-6.9986E-1	1.0750E+0	-6.5600E+2
-6.9903E-1	1.0742E+0	-1.9300E+2
-6.9821E-1	1.0762E+0	5.2000E+1
-6.9739E-1	1.0742E+0	-1.5000E+1
-6.9668E-1	1.0747E+0	-8.4600E+2
-6.9586E-1	1.0754E+0	-5.0200E+2
-6.9503E-1	1.0771E+0	-2.1000E+2
-6.9421E-1	1.0747E+0	-4.2200E+2
-6.9339E-1	1.0754E+0	-7.9200E+2
-6.9268E-1	1.0745E+0	1.3700E+2
-6.9186E-1	1.0728E+0	-8.4800E+2
-6.9103E-1	1.0745E+0	-7.8600E+2
-6.9021E-1	1.0745E+0	-6.5600E+2
-6.8939E-1	1.0750E+0	-1.9400E+2
-6.8868E-1	1.0759E+0	-5.8000E+2
-6.8786E-1	1.0764E+0	-2.8700E+2
-6.8703E-1	1.0745E+0	-5.6500E+2
-6.8621E-1	1.0742E+0	-2.7100E+2
-6.8539E-1	1.0752E+0	-6.4100E+2
-6.8468E-1	1.0730E+0	-7.8200E+2
-6.8386E-1	1.0752E+0	-5.0600E+2
-6.8303E-1	1.0735E+0	-7.2900E+2
-6.8221E-1	1.0730E+0	-3.0400E+2
-6.8139E-1	1.0752E+0	-1.2100E+2
-6.8068E-1	1.0742E+0	-4.0200E+2
-6.7986E-1	1.0742E+0	-4.0000E+2
-6.7903E-1	1.0750E+0	-7.4700E+2
-6.7821E-1	1.0752E+0	-4.8200E+2
-6.7739E-1	1.0723E+0	-4.4300E+2
-6.7656E-1	1.0737E+0	-2.5400E+2
-6.7586E-1	1.0737E+0	-2.7900E+2
-6.7503E-1	1.0733E+0	-8.1400E+2
-6.7421E-1	1.0733E+0	-4.4800E+2
-6.7339E-1	1.0728E+0	-9.9000E+1
-6.7256E-1	1.0720E+0	-6.3500E+2
-6.7186E-1	1.0735E+0	-8.1300E+2
-6.7103E-1	1.0720E+0	-1.1150E+3
-6.7021E-1	1.0723E+0	-4.6000E+2
-6.6939E-1	1.0725E+0	-6.5500E+2
-6.6856E-1	1.0720E+0	-6.9600E+2
-6.6786E-1	1.0725E+0	-3.3600E+2
-6.6703E-1	1.0718E+0	5.0000E+0
-6.6621E-1	1.0716E+0	-2.5800E+2
-6.6538E-1	1.0725E+0	-2.3100E+2
-6.6456E-1	1.0728E+0	9.9000E+1
-6.6386E-1	1.0716E+0	-3.4400E+2
-6.6303E-1	1.0699E+0	-9.5700E+2
-6.6221E-1	1.0720E+0	-3.6200E+2
-6.6138E-1	1.0708E+0	-6.0600E+2
-6.6056E-1	1.0711E+0	-2.7200E+2
-6.5985E-1	1.0699E+0	-6.8900E+2
-6.5903E-1	1.0713E+0	-1.4200E+2
-6.5821E-1	1.0701E+0	-4.8200E+2
-6.5738E-1	1.0694E+0	-1.0300E+2
-6.5656E-1	1.0691E+0	-8.0300E+2
-6.5574E-1	1.0703E+0	-4.4000E+2
-6.5503E-1	1.0694E+0	-1.3900E+2
-6.5421E-1	1.0701E+0	-8.7200E+2
-6.5338E-1	1.0691E+0	-2.4400E+2
-6.5256E-1	1.0684E+0	-4.2500E+2
-6.5174E-1	1.0699E+0	-6.4500E+2
-6.5103E-1	1.0694E+0	-1.8100E+2
-6.5021E-1	1.0684E+0	-1.0310E+3
-6.4938E-1	1.0686E+0	-3.7000E+2
-6.4856E-1	1.0674E+0	-6.3500E+2
-6.4774E-1	1.0674E+0	-4.2600E+2
-6.4703E-1	1.0677E+0	-9.5100E+2
-6.4621E-1	1.0672E+0	-4.5700E+2
-6.4538E-1	1.0672E+0	-5.6000E+2
-6.4456E-1	1.0662E+0	-4.9200E+2
-6.4374E-1	1.0667E+0	-9.2400E+2
-6.4303E-1	1.0655E+0	-1.5900E+2
-6.4221E-1	1.0643E+0	-1.0400E+3
-6.4138E-1	1.0657E+0	-7.5800E+2
-6.4056E-1	1.0655E+0	-5.3500E+2
-6.3974E-1	1.0648E+0	-4.3500E+2
-6.3903E-1	1.0638E+0	-1.6400E+2
-6.3821E-1	1.0635E+0	-3.5700E+2
-6.3738E-1	1.0626E+0	-2.4000E+2
-6.3656E-1	1.0623E+0	-1.0800E+2
-6.3574E-1	1.0638E+0	-6.8100E+2
-6.3503E-1	1.0621E+0	-4.5100E+2
-6.3421E-1	1.0633E+0	-7.0300E+2
-6.3338E-1	1.0628E+0	2.2500E+2
-6.3256E-1	1.0621E+0	-5.6100E+2
-6.3174E-1	1.0609E+0	-1.0270E+3
-6.3091E-1	1.0614E+0	-1.4600E+2
-6.3021E-1	1.0587E+0	-1.4780E+3
-6.2938E-1	1.0592E+0	-6.0300E+2
-6.2856E-1	1.0599E+0	-6.4000E+2
-6.2773E-1	1.0592E+0	-7.1600E+2
-6.2691E-1	1.0594E+0	-1.4600E+2
-6.2621E-1	1.0575E+0	-3.9700E+2
-6.2538E-1	1.0575E+0	-3.3800E+2
-6.2456E-1	1.0553E+0	-5.4400E+2
-6.2373E-1	1.0567E+0	1.3600E+2
-6.2291E-1	1.0555E+0	-2.0700E+2
-6.2221E-1	1.0558E+0	-2.9700E+2
-6.2138E-1	1.0543E+0	-2.5200E+2
-6.2056E-1	1.0536E+0	-8.2800E+2
-6.1973E-1	1.0516E+0	-8.9900E+2
-6.1891E-1	1.0538E+0	-1.8500E+2
-6.1820E-1	1.0524E+0	-5.2300E+2
-6.1738E-1	1.0514E+0	-5.5600E+2
-6.1656E-1	1.0509E+0	-3.7200E+2
-6.1573E-1	1.0499E+0	-8.6900E+2
-6.1491E-1	1.0490E+0	-1.5700E+2
-6.1420E-1	1.0492E+0	-3.1200E+2
-6.1338E-1	1.0492E+0	-4.3500E+2
-6.1256E-1	1.0485E+0	-3.9700E+2
-6.1173E-1	1.0475E+0	-3.6400E+2
-6.1091E-1	1.0460E+0	-5.7000E+1
-6.1009E-1	1.0451E+0	-5.1200E+2
-6.0938E-1	1.0434E+0	5.7000E+1
-6.0856E-1	1.0431E+0	-2.9600E+2
-6.0773E-1	1.0434E+0	-3.5000E+2
-6.0691E-1	1.0422E+0	-2.3200E+2
-6.0609E-1	1.0419E+0	-4.5000E+1
-6.0538E-1	1.0414E+0	-3.6100E+2
-6.0456E-1	1.0395E+0	-4.4900E+2
-6.0373E-1	1.0390E+0	-4.3800E+2
-6.0291E-1	1.0378E+0	-2.8400E+2
-6.0209E-1	1.0368E+0	-1.2100E+2
-6.0138E-1	1.0358E+0	-8.0000E+1
-6.0056E-1	1.0361E+0	-4.3800E+2
-5.9973E-1	1.0354E+0	-3.4700E+2
-5.9891E-1	1.0356E+0	-4.0700E+2
-5.9809E-1	1.0341E+0	2.4300E+2
-5.9738E-1	1.0298E+0	-5.7900E+2
-5.9656E-1	1.0300E+0	6.5000E+1
-5.9573E-1	1.0286E+0	6.0000E+0
-5.9491E-1	1.0288E+0	-3.7000E+2
-5.9409E-1	1.0290E+0	-3.4500E+2
-5.9338E-1	1.0254E+0	-1.5300E+2
-5.9256E-1	1.0256E+0	4.0000E+1
-5.9173E-1	1.0222E+0	1.4000E+2
-5.9091E-1	1.0227E+0	-1.8400E+2
-5.9009E-1	1.0215E+0	-5.6000E+2
-5.8938E-1	1.0213E+0	-4.9000E+2
-5.8856E-1	1.0201E+0	-4.4000E+1
-5.8773E-1	1.0181E+0	4.8900E+2
-5.8691E-1	1.0167E+0	-8.5000E+1
-5.8608E-1	1.0164E+0	-2.0600E+2
-5.8526E-1	1.0145E+0	1.4000E+1
-5.8456E-1	1.0123E+0	-3.2300E+2
-5.8373E-1	1.0128E+0	-4.1000E+2
-5.8291E-1	1.0113E+0	-6.1700E+2
-5.8208E-1	1.0086E+0	-4.0000E+1
-5.8126E-1	1.0089E+0	-1.4200E+2
-5.8055E-1	1.0064E+0	-8.4700E+2
-5.7973E-1	1.0045E+0	9.9000E+1
-5.7891E-1	1.0028E+0	-2.8300E+2
-5.7808E-1	1.0018E+0	-3.4800E+2
-5.7726E-1	9.9989E-1	-3.0600E+2
-5.7655E-1	9.9916E-1	-3.6800E+2
-5.7573E-1	9.9819E-1	-3.5100E+2
-5.7491E-1	9.9576E-1	-1.2000E+1
-5.7408E-1	9.9381E-1	2.1300E+2
-5.7326E-1	9.9381E-1	7.0000E+1
-5.7255E-1	9.8944E-1	-5.9600E+2
-5.7173E-1	9.8871E-1	-5.4600E+2
-5.7091E-1	9.8871E-1	4.2700E+2
-5.7008E-1	9.8750E-1	2.7500E+2
-5.6926E-1	9.8458E-1	1.0000E+0
-5.6855E-1	9.8410E-1	-1.5800E+2
-5.6773E-1	9.8094E-1	-6.8700E+2
-5.6691E-1	9.7972E-1	4.9000E+1
-5.6608E-1	9.7754E-1	-2.8700E+2
-5.6526E-1	9.7584E-1	-5.2000E+2
-5.6455E-1	9.7389E-1	6.4000E+1
-5.6373E-1	9.7341E-1	1.7200E+2
-5.6291E-1	9.7171E-1	-3.6800E+2
-5.6208E-1	9.7025E-1	-3.7000E+1
-5.6126E-1	9.6734E-1	-3.7200E+2
-5.6044E-1	9.6636E-1	-2.7600E+2
-5.5973E-1	9.6588E-1	5.2700E+2
-5.5891E-1	9.6418E-1	-3.8000E+2
-5.5808E-1	9.6223E-1	-4.4100E+2
-5.5726E-1	9.5810E-1	-4.1300E+2
-5.5644E-1	9.5640E-1	-5.7000E+2
-5.5573E-1	9.5495E-1	-2.0700E+2
-5.5491E-1	9.5106E-1	-3.6500E+2
-5.5408E-1	9.4960E-1	5.4400E+2
-5.5326E-1	9.4839E-1	-1.1500E+2
-5.5244E-1	9.4571E-1	-2.2400E+2
-5.5173E-1	9.4328E-1	-5.4000E+2
-5.5091E-1	9.4061E-1	-1.2300E+2
-5.5008E-1	9.3745E-1	-1.3500E+2
-5.4926E-1	9.3527E-1	-7.1300E+2
-5.4843E-1	9.3284E-1	8.2000E+1
-5.4773E-1	9.3235E-1	-2.7600E+2
-5.4691E-1	9.2968E-1	-4.4000E+1
-5.4608E-1	9.2944E-1	-4.9800E+2
-5.4526E-1	9.2652E-1	-3.1800E+2
-5.4443E-1	9.2555E-1	1.9100E+2
-5.4373E-1	9.2531E-1	-3.4600E+2
-5.4291E-1	9.2482E-1	-3.3300E+2
-5.4208E-1	9.2482E-1	-5.6000E+2
-5.4126E-1	9.2434E-1	7.3000E+2
-5.4043E-1	9.1851E-1	3.0900E+2
-5.3973E-1	9.1438E-1	6.7100E+2
-5.3890E-1	9.0952E-1	3.3100E+2
-5.3808E-1	9.0636E-1	3.8800E+2
-5.3738E-1	9.0296E-1	8.4800E+2
-5.3643E-1	9.0077E-1	-3.9000E+1
-5.3573E-1	8.9858E-1	2.0800E+2
-5.3490E-1	8.9300E-1	-3.4200E+2
-5.3408E-1	8.9105E-1	3.3000E+2
-5.3337E-1	8.8911E-1	-2.7200E+2
-5.3243E-1	8.8765E-1	-3.0000E+1
-5.3161E-1	8.8449E-1	2.6800E+2
-5.3090E-1	8.8231E-1	-1.9100E+2
-5.3008E-1	8.8085E-1	5.4000E+2
-5.2937E-1	8.7769E-1	-3.5800E+2
-5.2843E-1	8.7818E-1	-1.3500E+2
-5.2761E-1	8.7405E-1	-1.5900E+2
-5.2690E-1	8.7283E-1	8.4000E+1
-5.2608E-1	8.7235E-1	-3.7000E+2
-5.2526E-1	8.7405E-1	-1.0730E+3
-5.2443E-1	8.7308E-1	-2.0700E+2
-5.2361E-1	8.6895E-1	3.9800E+2
-5.2290E-1	8.6652E-1	1.4290E+3
-5.2208E-1	8.6287E-1	6.6300E+2
-5.2126E-1	8.5607E-1	2.1900E+2
-5.2043E-1	8.5559E-1	1.1000E+2
-5.1961E-1	8.4976E-1	2.8100E+2
-5.1890E-1	8.4854E-1	4.0700E+2
-5.1808E-1	8.4563E-1	-6.0400E+2
-5.1726E-1	8.4441E-1	-2.9000E+1
-5.1655E-1	8.4222E-1	-1.5900E+2
-5.1561E-1	8.4052E-1	2.2400E+2
-5.1490E-1	8.4174E-1	-7.3000E+1
-5.1408E-1	8.4393E-1	-5.9700E+2
-5.1326E-1	8.4830E-1	-9.8100E+2
-5.1255E-1	8.6190E-1	-9.0200E+2
-5.1161E-1	8.6263E-1	1.1380E+3
-5.1078E-1	8.4538E-1	1.5350E+3
-5.1008E-1	8.3299E-1	5.3100E+2
-5.0926E-1	8.2449E-1	9.1000E+2
-5.0855E-1	8.1915E-1	2.8600E+2
-5.0761E-1	8.1550E-1	1.6200E+2
-5.0678E-1	8.1332E-1	-1.4500E+2
-5.0608E-1	8.0991E-1	8.9000E+1
-5.0526E-1	8.0773E-1	-2.0500E+2
-5.0443E-1	8.0457E-1	3.8000E+1
-5.0361E-1	8.0481E-1	4.3200E+2
-5.0278E-1	8.0336E-1	-2.7800E+2
-5.0208E-1	8.0165E-1	-2.6400E+2
-5.0125E-1	8.0068E-1	-1.6900E+2
-5.0043E-1	7.9971E-1	6.1000E+1
-4.9961E-1	8.0117E-1	-4.7900E+2
-4.9878E-1	8.0238E-1	-3.8500E+2
-4.9808E-1	8.0603E-1	-4.1800E+2
-4.9725E-1	8.1429E-1	-1.2890E+3
-4.9643E-1	8.3056E-1	-2.4430E+3
-4.9573E-1	8.5899E-1	-4.1960E+3
-4.9478E-1	8.8085E-1	-9.6200E+2
-4.9408E-1	8.6555E-1	2.7640E+3
-4.9325E-1	8.3445E-1	2.6320E+3
-4.9243E-1	8.1162E-1	1.4100E+3
-4.9172E-1	7.9704E-1	1.0140E+3
-4.9078E-1	7.8708E-1	1.4100E+2
-4.9008E-1	7.8028E-1	6.2600E+2
-4.8925E-1	7.7493E-1	2.3000E+2
-4.8843E-1	7.6910E-1	1.3000E+1
-4.8772E-1	7.6716E-1	2.8600E+2
-4.8678E-1	7.6376E-1	-1.1200E+2
-4.8596E-1	7.6084E-1	-6.2000E+1
-4.8525E-1	7.5914E-1	-3.4200E+2
-4.8443E-1	7.5841E-1	-3.1200E+2
-4.8372E-1	7.5404E-1	-5.9000E+1
-4.8278E-1	7.5550E-1	1.1800E+2
-4.8196E-1	7.5137E-1	-4.5200E+2
-4.8125E-1	7.5015E-1	2.0900E+2
-4.8043E-1	7.4821E-1	-2.1300E+2
-4.7961E-1	7.4797E-1	-3.6400E+2
-4.7878E-1	7.4554E-1	-5.6600E+2
-4.7796E-1	7.4602E-1	-4.5400E+2
-4.7725E-1	7.4578E-1	-1.7000E+2
-4.7643E-1	7.4554E-1	1.2000E+1
-4.7561E-1	7.4359E-1	5.8000E+1
-4.7490E-1	7.4335E-1	-3.7200E+2
-4.7396E-1	7.4214E-1	4.0000E+0
-4.7325E-1	7.4335E-1	-1.9300E+2
-4.7243E-1	7.4189E-1	3.8000E+2
-4.7161E-1	7.4165E-1	3.9000E+1
-4.7090E-1	7.4141E-1	-6.2500E+2
-4.6996E-1	7.4165E-1	-8.6100E+2
-4.6925E-1	7.4214E-1	-4.4200E+2
-4.6843E-1	7.4335E-1	-5.2200E+2
-4.6761E-1	7.4651E-1	-6.5000E+1
-4.6690E-1	7.5210E-1	-1.8430E+3
-4.6596E-1	7.5720E-1	-1.1770E+3
-4.6525E-1	7.5963E-1	5.4600E+2
-4.6443E-1	7.5355E-1	7.7500E+2
-4.6360E-1	7.4821E-1	3.6500E+2
-4.6290E-1	7.4627E-1	1.7800E+2
-4.6196E-1	7.4627E-1	-2.6000E+1
-4.6113E-1	7.4505E-1	-8.3600E+2
-4.6043E-1	7.4627E-1	-8.4100E+2
-4.5960E-1	7.4627E-1	-5.6000E+1
-4.5890E-1	7.4894E-1	-3.3900E+2
-4.5796E-1	7.4699E-1	-8.1800E+2
-4.5713E-1	7.4894E-1	-6.0600E+2
-4.5643E-1	7.5015E-1	-8.1200E+2
-4.5560E-1	7.5307E-1	-4.6300E+2
-4.5478E-1	7.5404E-1	-1.4400E+2
-4.5407E-1	7.5574E-1	-2.6400E+2
-4.5313E-1	7.5598E-1	-3.1500E+2
-4.5243E-1	7.5720E-1	-5.3400E+2
-4.5160E-1	7.5841E-1	-8.8600E+2
-4.5078E-1	7.6011E-1	-4.4500E+2
-4.5007E-1	7.6206E-1	-8.9700E+2
-4.4913E-1	7.6473E-1	-6.2700E+2
-4.4843E-1	7.6789E-1	-9.6300E+2
-4.4760E-1	7.6740E-1	-2.7700E+2
-4.4678E-1	7.6837E-1	-1.1310E+3
-4.4607E-1	7.7275E-1	-6.8600E+2
-4.4513E-1	7.7493E-1	-8.8300E+2
-4.4443E-1	7.7663E-1	-4.1500E+2
-4.4360E-1	7.7906E-1	-1.1610E+3
-4.4278E-1	7.8076E-1	-3.2600E+2
-4.4207E-1	7.8222E-1	-6.2000E+2
-4.4113E-1	7.8586E-1	-1.1240E+3
-4.4031E-1	7.8805E-1	-1.0110E+3
-4.3960E-1	7.8999E-1	-5.7500E+2
-4.3878E-1	7.9291E-1	-8.4000E+2
-4.3807E-1	7.9607E-1	-5.0500E+2
-4.3713E-1	7.9752E-1	-9.6200E+2
-4.3631E-1	8.0311E-1	-4.3700E+2
-4.3560E-1	8.0263E-1	-7.7700E+2
-4.3478E-1	8.0578E-1	-9.7900E+2
-4.3396E-1	8.0797E-1	-8.4200E+2
-4.3325E-1	8.1186E-1	-9.2000E+2
-4.3231E-1	8.1332E-1	-1.8150E+3
-4.3160E-1	8.1599E-1	-1.1450E+3
-4.3078E-1	8.1987E-1	-1.1500E+3
-4.2996E-1	8.2279E-1	-1.0960E+3
-4.2925E-1	8.2668E-1	-4.3400E+2
-4.2831E-1	8.2838E-1	-9.1400E+2
-4.2760E-1	8.3056E-1	-9.4400E+2
-4.2678E-1	8.3396E-1	-9.1900E+2
-4.2596E-1	8.3688E-1	-1.0910E+3
-4.2525E-1	8.3955E-1	-9.1200E+2
-4.2431E-1	8.4344E-1	-9.6800E+2
-4.2360E-1	8.4733E-1	-1.1000E+3
-4.2278E-1	8.5048E-1	-1.3090E+3
-4.2195E-1	8.5364E-1	-1.2380E+3
-4.2125E-1	8.5874E-1	-7.7600E+2
-4.2031E-1	8.5947E-1	-9.2000E+2
-4.1960E-1	8.6433E-1	-7.6600E+2
-4.1878E-1	8.6652E-1	-7.9000E+2
-4.1795E-1	8.6968E-1	-1.2660E+3
-4.1725E-1	8.7283E-1	-1.0510E+3
-4.1631E-1	8.7405E-1	-8.1800E+2
-4.1548E-1	8.7794E-1	-1.0800E+3
-4.1478E-1	8.8061E-1	-1.0440E+3
-4.1395E-1	8.8620E-1	-9.4900E+2
-4.1325E-1	8.8790E-1	-7.7100E+2
-4.1242E-1	8.9203E-1	-1.1070E+3
-4.1148E-1	8.9373E-1	-1.3700E+3
-4.1078E-1	8.9786E-1	-5.2500E+2
-4.0995E-1	8.9931E-1	-1.1720E+3
-4.0913E-1	9.0490E-1	-9.3800E+2
-4.0842E-1	9.0587E-1	-1.6550E+3
-4.0748E-1	9.0879E-1	-1.3020E+3
-4.0678E-1	9.1219E-1	-9.2800E+2
-4.0595E-1	9.1632E-1	-6.8000E+2
-4.0513E-1	9.1826E-1	-9.7100E+2
-4.0442E-1	9.2166E-1	-1.0040E+3
-4.0348E-1	9.2482E-1	-1.4100E+3
-4.0278E-1	9.2701E-1	-7.4500E+2
-4.0195E-1	9.2968E-1	-9.9100E+2
-4.0113E-1	9.3187E-1	-1.1540E+3
-4.0042E-1	9.3745E-1	-9.2600E+2
-3.9948E-1	9.3867E-1	-9.7700E+2
-3.9878E-1	9.4134E-1	-9.0700E+2
-3.9795E-1	9.4207E-1	-1.0860E+3
-3.9713E-1	9.4620E-1	-8.2500E+2
-3.9642E-1	9.4863E-1	-1.5000E+1
-3.9548E-1	9.5227E-1	-7.0000E+2
-3.9466E-1	9.5227E-1	-7.1500E+2
-3.9395E-1	9.5543E-1	-8.4100E+2
-3.9313E-1	9.5883E-1	-6.3400E+2
-3.9242E-1	9.6126E-1	-9.2500E+2
-3.9160E-1	9.6296E-1	-1.1190E+3
-3.9066E-1	9.6563E-1	-7.5600E+2
-3.8995E-1	9.6734E-1	-2.8100E+2
-3.8913E-1	9.6952E-1	-1.1630E+3
-3.8831E-1	9.7292E-1	-7.2400E+2
-3.8760E-1	9.7438E-1	-1.0510E+3
-3.8666E-1	9.7559E-1	-1.7180E+3
-3.8595E-1	9.7730E-1	-7.1800E+2
-3.8513E-1	9.7972E-1	-5.2100E+2
-3.8430E-1	9.8167E-1	-1.0390E+3
-3.8360E-1	9.8264E-1	-9.1000E+1
-3.8266E-1	9.8458E-1	-1.1870E+3
-3.8195E-1	9.8653E-1	-1.1860E+3
-3.8113E-1	9.9017E-1	-7.5500E+2
-3.8030E-1	9.8993E-1	-5.0200E+2
-3.7960E-1	9.9333E-1	-1.4570E+3
-3.7866E-1	9.9284E-1	-6.9100E+2
-3.7795E-1	9.9357E-1	-5.4500E+2
-3.7713E-1	9.9406E-1	-7.1000E+2
-3.7630E-1	9.9649E-1	-1.2360E+3
-3.7560E-1	9.9624E-1	-1.0980E+3
-3.7466E-1	9.9916E-1	-7.4300E+2
-3.7395E-1	1.0009E+0	-2.6500E+2
-3.7313E-1	1.0013E+0	-4.1600E+2
-3.7230E-1	1.0004E+0	-1.1270E+3
-3.7160E-1	1.0028E+0	-4.6500E+2
-3.7077E-1	1.0035E+0	-2.9500E+2
-3.6983E-1	1.0050E+0	-6.8900E+2
-3.6913E-1	1.0057E+0	-2.2900E+2
-3.6830E-1	1.0057E+0	-7.0500E+2
-3.6760E-1	1.0067E+0	-8.4100E+2
-3.6677E-1	1.0067E+0	-7.0100E+2
-3.6583E-1	1.0064E+0	-6.2500E+2
-3.6513E-1	1.0077E+0	-5.8300E+2
-3.6430E-1	1.0047E+0	-1.1470E+3
-3.6348E-1	1.0077E+0	-4.9800E+2
-3.6277E-1	1.0079E+0	-8.4200E+2
-3.6183E-1	1.0074E+0	-9.2100E+2
-3.6113E-1	1.0052E+0	-1.1400E+2
-3.6030E-1	1.0067E+0	-2.5800E+2
-3.5948E-1	1.0081E+0	-6.6100E+2
-3.5877E-1	1.0077E+0	-3.2100E+2
-3.5783E-1	1.0057E+0	-6.3800E+2
-3.5713E-1	1.0060E+0	-7.7700E+2
-3.5630E-1	1.0062E+0	-8.8400E+2
-3.5548E-1	1.0057E+0	-5.2300E+2
-3.5477E-1	1.0038E+0	-6.7400E+2
-3.5383E-1	1.0050E+0	-6.1900E+2
-3.5313E-1	1.0028E+0	7.0000E+0
-3.5230E-1	1.0021E+0	-3.0700E+2
-3.5148E-1	1.0004E+0	-1.9700E+2
-3.5077E-1	1.0001E+0	1.6300E+2
-3.4995E-1	9.9892E-1	-2.9600E+2
-3.4901E-1	9.9746E-1	2.8500E+2
-3.4830E-1	9.9843E-1	-5.1000E+2
-3.4748E-1	9.9406E-1	-6.5900E+2
-3.4677E-1	9.9381E-1	-2.0500E+2
-3.4595E-1	9.9357E-1	1.0700E+2
-3.4501E-1	9.9090E-1	-1.3700E+2
-3.4430E-1	9.8871E-1	-3.7600E+2
-3.4348E-1	9.8677E-1	1.4000E+1
-3.4265E-1	9.8483E-1	-3.3000E+1
-3.4195E-1	9.8385E-1	-3.5000E+1
-3.4101E-1	9.8385E-1	2.3400E+2
-3.4030E-1	9.7997E-1	1.4500E+2
-3.3948E-1	9.7705E-1	5.6700E+2
-3.3865E-1	9.7438E-1	2.5600E+2
-3.3795E-1	9.7414E-1	1.8700E+2
-3.3701E-1	9.6952E-1	5.7500E+2
-3.3630E-1	9.6734E-1	1.8400E+2
-3.3548E-1	9.6491E-1	-3.2800E+2
-3.3465E-1	9.6345E-1	-2.0000E+0
-3.3395E-1	9.5956E-1	5.6900E+2
-3.3301E-1	9.5640E-1	3.8300E+2
-3.3230E-1	9.5276E-1	1.4900E+2
-3.3148E-1	9.5130E-1	-2.4600E+2
-3.3065E-1	9.4693E-1	-4.0000E+0
-3.2995E-1	9.4523E-1	7.6700E+2
-3.2912E-1	9.4110E-1	2.8100E+2
-3.2830E-1	9.3770E-1	-3.1600E+2
-3.2748E-1	9.3624E-1	-5.7000E+1
-3.2665E-1	9.3017E-1	2.0700E+2
-3.2595E-1	9.2798E-1	-6.0000E+0
-3.2512E-1	9.2239E-1	3.7200E+2
-3.2418E-1	9.2045E-1	4.2700E+2
-3.2348E-1	9.1656E-1	4.2900E+2
-3.2265E-1	9.1146E-1	5.5300E+2
-3.2195E-1	9.0830E-1	1.5000E+2
-3.2112E-1	9.0417E-1	8.1600E+2
-3.2018E-1	8.9931E-1	2.1400E+2
-3.1948E-1	8.9470E-1	5.2700E+2
-3.1865E-1	8.9203E-1	6.2300E+2
-3.1783E-1	8.8692E-1	5.9600E+2
-3.1712E-1	8.8134E-1	-1.6000E+2
-3.1618E-1	8.7648E-1	4.0000E+1
-3.1548E-1	8.7186E-1	6.5700E+2
-3.1465E-1	8.6749E-1	3.8800E+2
-3.1383E-1	8.6190E-1	8.8100E+2
-3.1312E-1	8.5777E-1	3.9300E+2
-3.1218E-1	8.5340E-1	2.2500E+2
-3.1148E-1	8.4684E-1	7.1800E+2
-3.1065E-1	8.4125E-1	1.7800E+2
-3.0983E-1	8.3712E-1	7.3100E+2
-3.0912E-1	8.3105E-1	7.4600E+2
-3.0830E-1	8.2668E-1	8.6100E+2
-3.0748E-1	8.1939E-1	6.6300E+2
-3.0665E-1	8.1647E-1	8.1500E+2
-3.0583E-1	8.0991E-1	4.6600E+2
-3.0512E-1	8.0506E-1	1.3070E+3
-3.0430E-1	7.9850E-1	9.7800E+2
-3.0348E-1	7.9388E-1	1.3440E+3
-3.0265E-1	7.8927E-1	7.2500E+2
-3.0183E-1	7.8246E-1	5.0000E+2
-3.0112E-1	7.7566E-1	6.6900E+2
-3.0030E-1	7.7032E-1	4.7300E+2
-2.9936E-1	7.6351E-1	6.0100E+2
-2.9865E-1	7.5890E-1	1.0690E+3
-2.9783E-1	7.5185E-1	7.0400E+2
-2.9712E-1	7.4651E-1	1.0340E+3
-2.9630E-1	7.4068E-1	7.4800E+2
-2.9536E-1	7.3388E-1	6.8700E+2
-2.9465E-1	7.2610E-1	1.0550E+3
-2.9383E-1	7.2270E-1	9.6900E+2
-2.9300E-1	7.1566E-1	8.4600E+2
-2.9230E-1	7.0813E-1	1.1930E+3
-2.9136E-1	7.0181E-1	9.7700E+2
-2.9065E-1	6.9841E-1	-1.1300E+2
-2.8983E-1	6.9063E-1	8.9300E+2
-2.8900E-1	6.8602E-1	1.2780E+3
-2.8830E-1	6.7922E-1	1.0980E+3
-2.8747E-1	6.7169E-1	3.0700E+2
-2.8665E-1	6.6610E-1	1.3870E+3
-2.8583E-1	6.6002E-1	1.3400E+2
-2.8500E-1	6.5541E-1	1.2020E+3
-2.8430E-1	6.4764E-1	2.6100E+2
-2.8347E-1	6.4278E-1	8.6000E+2
-2.8265E-1	6.3670E-1	7.7700E+2
-2.8183E-1	6.2917E-1	1.1570E+3
-2.8100E-1	6.2431E-1	1.1310E+3
-2.8030E-1	6.1824E-1	1.1780E+3
-2.7947E-1	6.1362E-1	6.5200E+2
-2.7853E-1	6.0707E-1	8.1600E+2
-2.7783E-1	6.0002E-1	7.5500E+2
-2.7700E-1	5.9589E-1	7.5100E+2
-2.7630E-1	5.8909E-1	1.0940E+3
-2.7547E-1	5.8326E-1	1.3310E+3
-2.7453E-1	5.7767E-1	3.8900E+2
-2.7383E-1	5.7111E-1	-1.3800E+2
-2.7300E-1	5.6552E-1	9.7000E+2
-2.7218E-1	5.6139E-1	7.4800E+2
-2.7147E-1	5.5411E-1	4.2200E+2
-2.7053E-1	5.5022E-1	5.4600E+2
-2.6983E-1	5.4512E-1	6.4100E+2
-2.6900E-1	5.4002E-1	-1.4200E+2
-2.6818E-1	5.3589E-1	2.9100E+2
-2.6747E-1	5.3176E-1	4.9800E+2
-2.6665E-1	5.2763E-1	8.6800E+2
-2.6583E-1	5.2423E-1	9.0700E+2
-2.6500E-1	5.2107E-1	5.8900E+2
-2.6418E-1	5.1791E-1	2.6100E+2
-2.6347E-1	5.1572E-1	5.8400E+2
-2.6265E-1	5.1184E-1	1.3880E+3
-2.6183E-1	5.0698E-1	7.5700E+2
-2.6100E-1	5.0188E-1	5.5700E+2
-2.6018E-1	5.0090E-1	6.0300E+2
-2.5947E-1	4.9629E-1	4.5400E+2
-2.5865E-1	4.9580E-1	-7.0800E+2
-2.5782E-1	4.9629E-1	-5.9400E+2
-2.5700E-1	4.9823E-1	-1.1100E+2
-2.5618E-1	4.9532E-1	1.1170E+3
-2.5547E-1	4.8997E-1	1.5460E+3
-2.5465E-1	4.8196E-1	6.0100E+2
-2.5371E-1	4.7710E-1	5.0100E+2
-2.5300E-1	4.7637E-1	6.7800E+2
-2.5218E-1	4.7442E-1	6.5000E+1
-2.5147E-1	4.7540E-1	-4.9900E+2
-2.5065E-1	4.7637E-1	-4.1200E+2
-2.4971E-1	4.7953E-1	2.3200E+2
-2.4900E-1	4.7515E-1	1.1070E+3
-2.4818E-1	4.6981E-1	6.8100E+2
-2.4735E-1	4.6811E-1	6.5000E+2
-2.4665E-1	4.7054E-1	-4.8300E+2
-2.4582E-1	4.8050E-1	-8.7000E+2
-2.4500E-1	5.0479E-1	-3.0370E+3
-2.4418E-1	5.3686E-1	-2.9690E+3
-2.4335E-1	5.3953E-1	2.3840E+3
-2.4265E-1	5.0260E-1	3.2830E+3
-2.4182E-1	4.8171E-1	1.2570E+3
-2.4100E-1	4.7151E-1	2.8800E+2
-2.4018E-1	4.7370E-1	-1.1780E+3
-2.3935E-1	4.8463E-1	-1.8690E+3
-2.3865E-1	5.1499E-1	-4.3020E+3
-2.3782E-1	5.6698E-1	-5.1100E+3
-2.3700E-1	5.8909E-1	1.2230E+3
-2.3618E-1	5.5022E-1	5.1610E+3
-2.3535E-1	4.9945E-1	4.0610E+3
-2.3465E-1	4.6641E-1	1.9470E+3
-2.3382E-1	4.4697E-1	1.3170E+3
-2.3288E-1	4.3750E-1	2.5000E+1
-2.3218E-1	4.3264E-1	-1.5000E+1
-2.3135E-1	4.2705E-1	2.8700E+2
-2.3065E-1	4.2414E-1	2.3000E+1
-2.2982E-1	4.2171E-1	5.4500E+2
-2.2888E-1	4.2146E-1	-1.5700E+2
-2.2818E-1	4.1952E-1	-6.6100E+2
-2.2735E-1	4.1758E-1	-5.0500E+2
-2.2653E-1	4.1952E-1	-1.1550E+3
-2.2582E-1	4.2268E-1	-1.2180E+3
-2.2500E-1	4.3021E-1	-1.7560E+3
-2.2418E-1	4.3555E-1	-4.2000E+1
-2.2335E-1	4.2851E-1	9.9000E+2
-2.2253E-1	4.2122E-1	-6.1000E+1
-2.2182E-1	4.1855E-1	2.6000E+1
-2.2100E-1	4.1733E-1	-2.5200E+2
-2.2017E-1	4.1758E-1	-2.2300E+2
-2.1935E-1	4.1758E-1	-5.1000E+1
-2.1853E-1	4.2098E-1	-4.9300E+2
-2.1782E-1	4.1904E-1	-4.9300E+2
-2.1700E-1	4.2074E-1	-2.2300E+2
-2.1617E-1	4.2341E-1	-5.1100E+2
-2.1535E-1	4.2632E-1	-1.0100E+3
-2.1453E-1	4.2778E-1	-5.3400E+2
-2.1382E-1	4.2851E-1	-6.5100E+2
-2.1300E-1	4.3118E-1	-7.7400E+2
-2.1217E-1	4.3337E-1	-1.2100E+2
-2.1135E-1	4.3798E-1	-8.3200E+2
-2.1053E-1	4.3847E-1	-1.0930E+3
-2.0982E-1	4.4381E-1	-1.3720E+3
-2.0900E-1	4.4600E-1	2.1000E+1
-2.0806E-1	4.4746E-1	-5.0500E+2
-2.0735E-1	4.5135E-1	-5.6500E+2
-2.0653E-1	4.5377E-1	-7.7700E+2
-2.0582E-1	4.5620E-1	-1.2580E+3
-2.0500E-1	4.6058E-1	-3.4000E+2
-2.0417E-1	4.6592E-1	-5.7200E+2
-2.0335E-1	4.6835E-1	-7.4000E+2
-2.0253E-1	4.7321E-1	-1.1360E+3
-2.0170E-1	4.7564E-1	-4.8400E+2
-2.0100E-1	4.7953E-1	-8.7700E+2
-2.0017E-1	4.8511E-1	-9.9500E+2
-1.9935E-1	4.8827E-1	-1.5950E+3
-1.9853E-1	4.9337E-1	-9.7900E+2
-1.9770E-1	4.9653E-1	-1.5680E+3
-1.9700E-1	5.0017E-1	-9.6100E+2
-1.9617E-1	5.0698E-1	-1.2540E+3
-1.9535E-1	5.1062E-1	-8.4100E+2
-1.9453E-1	5.1597E-1	-1.6250E+3
-1.9370E-1	5.2010E-1	-1.4640E+3
-1.9300E-1	5.2544E-1	-1.3260E+3
-1.9217E-1	5.3030E-1	-4.8000E+2
-1.9135E-1	5.3686E-1	-1.7230E+3
-1.9053E-1	5.4172E-1	-9.3200E+2
-1.8970E-1	5.4633E-1	-1.5990E+3
-1.8900E-1	5.5143E-1	-1.1410E+3
-1.8817E-1	5.5872E-1	-1.6120E+3
-1.8735E-1	5.6358E-1	-1.6240E+3
-1.8653E-1	5.6722E-1	-1.1260E+3
-1.8570E-1	5.7305E-1	-1.3320E+3
-1.8500E-1	5.7816E-1	-1.1870E+3
-1.8417E-1	5.8617E-1	-1.2370E+3
-1.8335E-1	5.9006E-1	-1.0560E+3
-1.8253E-1	5.9711E-1	-1.3490E+3
-1.8170E-1	6.0245E-1	-9.9000E+2
-1.8100E-1	6.1022E-1	-1.3260E+3
-1.8017E-1	6.1508E-1	-7.6900E+2
-1.7935E-1	6.2164E-1	-1.6650E+3
-1.7852E-1	6.3039E-1	-1.4880E+3
-1.7770E-1	6.3427E-1	-1.2250E+3
-1.7688E-1	6.3986E-1	-1.2490E+3
-1.7617E-1	6.4861E-1	-1.5190E+3
-1.7535E-1	6.5177E-1	-2.1760E+3
-1.7452E-1	6.5784E-1	-8.1300E+2
-1.7370E-1	6.6586E-1	-1.4560E+3
-1.7288E-1	6.7290E-1	-1.2860E+3
-1.7217E-1	6.7776E-1	-1.7090E+3
-1.7135E-1	6.8505E-1	-1.3750E+3
-1.7052E-1	6.9039E-1	-1.4150E+3
-1.6970E-1	6.9768E-1	-1.3380E+3
-1.6888E-1	7.0472E-1	-1.6890E+3
-1.6817E-1	7.0934E-1	-2.1490E+3
-1.6735E-1	7.1541E-1	-1.4580E+3
-1.6652E-1	7.2124E-1	-2.0600E+3
-1.6570E-1	7.2829E-1	-1.1030E+3
-1.6488E-1	7.3509E-1	-1.4770E+3
-1.6417E-1	7.4335E-1	-1.5610E+3
-1.6335E-1	7.4845E-1	-2.1130E+3
-1.6252E-1	7.5380E-1	-1.6410E+3
-1.6170E-1	7.6084E-1	-1.3090E+3
-1.6088E-1	7.6716E-1	-1.0150E+3
-1.6017E-1	7.7129E-1	-1.4290E+3
-1.5935E-1	7.7809E-1	-1.6070E+3
-1.5852E-1	7.8416E-1	-1.6980E+3
-1.5770E-1	7.9121E-1	-1.2240E+3
-1.5688E-1	7.9607E-1	-1.5870E+3
-1.5605E-1	8.0117E-1	-1.3190E+3
-1.5535E-1	8.0651E-1	-1.5980E+3
-1.5452E-1	8.1307E-1	-1.8490E+3
-1.5370E-1	8.1963E-1	-1.5150E+3
-1.5288E-1	8.2692E-1	-1.0700E+3
-1.5205E-1	8.3275E-1	-1.4460E+3
-1.5135E-1	8.3834E-1	-1.9320E+3
-1.5052E-1	8.4344E-1	-1.7780E+3
-1.4970E-1	8.4805E-1	-1.1340E+3
-1.4888E-1	8.5291E-1	-1.5330E+3
-1.4805E-1	8.5850E-1	-1.8380E+3
-1.4735E-1	8.6433E-1	-1.4120E+3
-1.4652E-1	8.6992E-1	-1.8230E+3
-1.4570E-1	8.7405E-1	-1.0910E+3
-1.4488E-1	8.7745E-1	-1.5690E+3
-1.4405E-1	8.8474E-1	-1.4210E+3
-1.4335E-1	8.8887E-1	-1.2200E+3
-1.4252E-1	8.9203E-1	-1.6500E+3
-1.4170E-1	8.9713E-1	-1.0550E+3
-1.4087E-1	9.0344E-1	-1.5010E+3
-1.4005E-1	9.0660E-1	-1.5160E+3
-1.3935E-1	9.1025E-1	-1.6480E+3
-1.3852E-1	9.1438E-1	-1.3380E+3
-1.3770E-1	9.1851E-1	-1.2820E+3
-1.3687E-1	9.2312E-1	-1.4410E+3
-1.3605E-1	9.2774E-1	-1.3910E+3
-1.3535E-1	9.3260E-1	-7.8300E+2
-1.3452E-1	9.3600E-1	-9.4200E+2
-1.3370E-1	9.3794E-1	-4.2700E+2
-1.3287E-1	9.4304E-1	-1.3980E+3
-1.3205E-1	9.4523E-1	-1.3220E+3
-1.3134E-1	9.4936E-1	-9.0700E+2
-1.3052E-1	9.5154E-1	-7.6700E+2
-1.2970E-1	9.5616E-1	-7.5300E+2
-1.2887E-1	9.5980E-1	-1.4720E+3
-1.2805E-1	9.6150E-1	-8.2600E+2
-1.2723E-1	9.6612E-1	-7.2100E+2
-1.2652E-1	9.6734E-1	-1.0300E+3
-1.2570E-1	9.7195E-1	-1.2360E+3
-1.2487E-1	9.7244E-1	-1.0080E+3
-1.2405E-1	9.7730E-1	-9.6300E+2
-1.2323E-1	9.8045E-1	-5.3000E+2
-1.2252E-1	9.8361E-1	-3.6200E+2
-1.2170E-1	9.8628E-1	-7.2600E+2
-1.2087E-1	9.8823E-1	-9.9600E+2
-1.2005E-1	9.8798E-1	-5.8300E+2
-1.1923E-1	9.9309E-1	-1.1620E+3
-1.1852E-1	9.9406E-1	-7.7500E+2
-1.1770E-1	9.9624E-1	-1.0790E+3
-1.1687E-1	9.9697E-1	-6.4500E+2
-1.1605E-1	1.0001E+0	-9.3200E+2
-1.1523E-1	1.0013E+0	-1.3310E+3
-1.1452E-1	1.0040E+0	-1.2010E+3
-1.1370E-1	1.0035E+0	-6.6400E+2
-1.1287E-1	1.0072E+0	-5.5600E+2
-1.1205E-1	1.0089E+0	-1.0840E+3
-1.1123E-1	1.0096E+0	-9.6600E+2
-1.1052E-1	1.0118E+0	-8.8800E+2
-1.0970E-1	1.0140E+0	-7.1600E+2
-1.0887E-1	1.0152E+0	-9.5900E+2
-1.0805E-1	1.0171E+0	-1.0540E+3
-1.0723E-1	1.0181E+0	-1.0060E+3
-1.0652E-1	1.0184E+0	-5.7100E+2
-1.0570E-1	1.0203E+0	-2.2600E+2
-1.0487E-1	1.0208E+0	-7.7000E+2
-1.0405E-1	1.0220E+0	-1.6380E+3
-1.0323E-1	1.0247E+0	-7.8300E+2
-1.0240E-1	1.0249E+0	-9.6200E+2
-1.0170E-1	1.0281E+0	-9.0000E+2
-1.0087E-1	1.0276E+0	-4.3500E+2
-1.0017E-1	1.0290E+0	-5.1500E+2
-9.9225E-2	1.0283E+0	-7.4200E+2
-9.8401E-2	1.0298E+0	-7.2000E+2
-9.7695E-2	1.0317E+0	-9.8300E+2
-9.6872E-2	1.0317E+0	-8.2100E+2
-9.6048E-2	1.0320E+0	-9.3000E+1
-9.5224E-2	1.0344E+0	-1.0250E+3
-9.4401E-2	1.0324E+0	-6.2300E+2
-9.3695E-2	1.0351E+0	-1.0780E+3
-9.2871E-2	1.0341E+0	-6.4200E+2
-9.2048E-2	1.0363E+0	-4.9000E+2
-9.1224E-2	1.0354E+0	-1.1110E+3
-9.0401E-2	1.0373E+0	-6.1200E+2
-8.9695E-2	1.0373E+0	-1.1030E+3
-8.8871E-2	1.0368E+0	-9.1100E+2
-8.8047E-2	1.0390E+0	-7.1500E+2
-8.7224E-2	1.0397E+0	-1.9000E+1
-8.6400E-2	1.0385E+0	-1.0500E+3
-8.5694E-2	1.0400E+0	-7.9700E+2
-8.4871E-2	1.0390E+0	-1.0770E+3
-8.4047E-2	1.0402E+0	-1.1530E+3
-8.3224E-2	1.0412E+0	-9.5300E+2
-8.2400E-2	1.0402E+0	-6.9000E+2
-8.1694E-2	1.0426E+0	-3.8900E+2
-8.0870E-2	1.0409E+0	3.2900E+2
-8.0047E-2	1.0422E+0	-6.1300E+2
-7.9341E-2	1.0414E+0	-2.1800E+2
-7.8400E-2	1.0419E+0	-4.2000E+1
-7.7576E-2	1.0429E+0	3.4000E+1
-7.6870E-2	1.0429E+0	-9.2400E+2
-7.6047E-2	1.0439E+0	-5.4600E+2
-7.5341E-2	1.0426E+0	-2.5300E+2
-7.4399E-2	1.0417E+0	-8.4700E+2
-7.3576E-2	1.0443E+0	-2.3600E+2
-7.2870E-2	1.0429E+0	-8.6400E+2
-7.2046E-2	1.0417E+0	-3.3600E+2
-7.1223E-2	1.0436E+0	-1.8900E+2
-7.0399E-2	1.0448E+0	-3.6000E+1
-6.9575E-2	1.0439E+0	-7.8400E+2
-6.8870E-2	1.0439E+0	-3.1700E+2
-6.8046E-2	1.0443E+0	-4.5600E+2
-6.7222E-2	1.0424E+0	-8.4300E+2
-6.6399E-2	1.0431E+0	-2.2000E+2
-6.5575E-2	1.0451E+0	-2.0400E+2
-6.4869E-2	1.0439E+0	-1.0600E+3
-6.4046E-2	1.0453E+0	-4.1100E+2
-6.3222E-2	1.0443E+0	-4.9000E+2
-6.2398E-2	1.0446E+0	-8.9600E+2
-6.1575E-2	1.0456E+0	-2.6300E+2
-6.0869E-2	1.0453E+0	-8.6100E+2
-6.0045E-2	1.0453E+0	-7.4200E+2
-5.9222E-2	1.0431E+0	-5.3700E+2
-5.8516E-2	1.0453E+0	-7.5100E+2
-5.7575E-2	1.0439E+0	-2.0100E+2
-5.6751E-2	1.0460E+0	-8.8900E+2
-5.6045E-2	1.0443E+0	-7.4500E+2
-5.5221E-2	1.0426E+0	-8.5600E+2
-5.4516E-2	1.0431E+0	-1.9000E+2
-5.3574E-2	1.0446E+0	-1.0970E+3
-5.2751E-2	1.0451E+0	-3.8600E+2
-5.2045E-2	1.0441E+0	-5.5800E+2
-5.1221E-2	1.0448E+0	2.0000E+0
-5.0398E-2	1.0436E+0	-8.2200E+2
-4.9574E-2	1.0463E+0	-1.5100E+2
-4.8750E-2	1.0434E+0	-6.6600E+2
-4.8044E-2	1.0463E+0	-2.4000E+2
-4.7221E-2	1.0446E+0	-7.0400E+2
-4.6397E-2	1.0434E+0	-8.9500E+2
-4.5574E-2	1.0446E+0	-8.5400E+2
-4.4750E-2	1.0446E+0	-3.8700E+2
-4.4044E-2	1.0448E+0	-3.2800E+2
-4.3221E-2	1.0448E+0	-3.4000E+2
-4.2397E-2	1.0446E+0	-3.2400E+2
-4.1573E-2	1.0434E+0	-9.4000E+1
-4.0750E-2	1.0451E+0	-4.6400E+2
-4.0044E-2	1.0460E+0	-4.4600E+2
-3.9220E-2	1.0441E+0	-4.0200E+2
-3.8397E-2	1.0443E+0	-3.4700E+2
-3.7691E-2	1.0439E+0	-5.6400E+2
-3.6750E-2	1.0422E+0	-6.3900E+2
-3.6044E-2	1.0451E+0	-5.9400E+2
-3.5220E-2	1.0441E+0	-7.4000E+2
-3.4396E-2	1.0443E+0	-5.0100E+2
-3.3690E-2	1.0431E+0	-5.3000E+2
-3.2749E-2	1.0434E+0	-9.1700E+2
-3.1926E-2	1.0436E+0	-3.1900E+2
-3.1220E-2	1.0441E+0	-1.0000E+1
-3.0396E-2	1.0451E+0	-4.1200E+2
-2.9690E-2	1.0436E+0	-1.0170E+3
-2.8749E-2	1.0434E+0	-3.6500E+2
-2.7925E-2	1.0431E+0	-9.2900E+2
-2.7219E-2	1.0426E+0	-3.1700E+2
-2.6396E-2	1.0434E+0	1.0000E+1
-2.5572E-2	1.0429E+0	-1.0110E+3
-2.4749E-2	1.0434E+0	-9.0700E+2
-2.3925E-2	1.0439E+0	-1.6400E+2
-2.3219E-2	1.0434E+0	5.0000E+0
-2.2395E-2	1.0424E+0	-9.0700E+2
-2.1572E-2	1.0436E+0	-3.1800E+2
-2.0748E-2	1.0441E+0	-5.8200E+2
-1.9925E-2	1.0446E+0	-4.7900E+2
-1.9219E-2	1.0434E+0	-7.6400E+2
-1.8395E-2	1.0422E+0	-5.5300E+2
-1.7572E-2	1.0434E+0	5.4000E+1
-1.6866E-2	1.0426E+0	-7.3300E+2
-1.5924E-2	1.0439E+0	-2.7200E+2
-1.5218E-2	1.0409E+0	-6.7500E+2
-1.4395E-2	1.0436E+0	-3.1400E+2
-1.3571E-2	1.0439E+0	-3.3500E+2
-1.2865E-2	1.0424E+0	-4.3100E+2
-1.1924E-2	1.0436E+0	-1.0800E+3
-1.1101E-2	1.0426E+0	-3.0400E+2
-1.0395E-2	1.0431E+0	-7.2200E+2
-9.5710E-3	1.0429E+0	-1.4570E+3
-8.8651E-3	1.0417E+0	-2.1000E+1
-7.9238E-3	1.0424E+0	-7.5500E+2
-7.1002E-3	1.0429E+0	-1.3300E+2
-6.3943E-3	1.0426E+0	-2.7000E+1
-5.5707E-3	1.0419E+0	-4.2300E+2
-4.7471E-3	1.0419E+0	-6.8700E+2
-3.9235E-3	1.0426E+0	3.5000E+1
-3.0999E-3	1.0409E+0	-2.2600E+2
-2.3940E-3	1.0417E+0	-3.5500E+2
-1.5704E-3	1.0412E+0	-8.4800E+2
-7.4681E-4	1.0412E+0	-3.1100E+2
7.6783E-5	1.0414E+0	-6.2200E+2
9.0037E-4	1.0412E+0	-1.4100E+2
1.6063E-3	1.0419E+0	-8.6500E+2
2.4299E-3	1.0414E+0	-7.4600E+2
3.2535E-3	1.0402E+0	-2.6600E+2
3.9594E-3	1.0429E+0	-3.5600E+2
4.9007E-3	1.0424E+0	-6.6500E+2
5.6066E-3	1.0417E+0	-5.1800E+2
6.4302E-3	1.0405E+0	-1.7200E+2
7.2538E-3	1.0409E+0	-1.2100E+2
7.9597E-3	1.0402E+0	7.6000E+1
8.9010E-3	1.0414E+0	-1.5200E+2
9.6069E-3	1.0400E+0	-6.9500E+2
1.0430E-2	1.0405E+0	-6.2000E+2
1.1254E-2	1.0407E+0	-5.5300E+2
1.1960E-2	1.0419E+0	-7.0700E+2
1.2901E-2	1.0414E+0	-6.1000E+2
1.3725E-2	1.0397E+0	-4.6800E+2
1.4431E-2	1.0417E+0	-5.2800E+2
1.5254E-2	1.0397E+0	-4.4300E+2
1.5960E-2	1.0414E+0	-1.4000E+1
1.6902E-2	1.0402E+0	-4.0600E+2
1.7725E-2	1.0402E+0	-6.7200E+2
1.8431E-2	1.0419E+0	-8.7200E+2
1.9255E-2	1.0405E+0	-9.3800E+2
2.0078E-2	1.0407E+0	-1.9000E+2
2.0902E-2	1.0397E+0	-6.3600E+2
2.1725E-2	1.0402E+0	-6.1400E+2
2.2431E-2	1.0409E+0	-7.4200E+2
2.3255E-2	1.0407E+0	-4.6800E+2
2.4079E-2	1.0397E+0	-6.1700E+2
2.4785E-2	1.0392E+0	-8.6900E+2
2.5726E-2	1.0405E+0	-5.6700E+2
2.6432E-2	1.0402E+0	-5.9700E+2
2.7255E-2	1.0412E+0	-7.6000E+2
2.8079E-2	1.0400E+0	-1.3120E+3
2.8785E-2	1.0400E+0	2.2000E+1
2.9726E-2	1.0371E+0	-5.1300E+2
3.0432E-2	1.0380E+0	-7.1800E+2
3.1256E-2	1.0390E+0	-2.6300E+2
3.2079E-2	1.0383E+0	2.0900E+2
3.2785E-2	1.0402E+0	-7.2700E+2
3.3726E-2	1.0388E+0	-9.5600E+2
3.4432E-2	1.0405E+0	-3.2800E+2
3.5256E-2	1.0392E+0	-1.9100E+2
3.6079E-2	1.0414E+0	-3.6100E+2
3.6785E-2	1.0395E+0	-1.0310E+3
3.7727E-2	1.0371E+0	-2.9000E+2
3.8550E-2	1.0392E+0	-3.4500E+2
3.9256E-2	1.0378E+0	-6.0500E+2
4.0080E-2	1.0388E+0	-3.5000E+1
4.0786E-2	1.0390E+0	-3.8500E+2
4.1727E-2	1.0390E+0	-4.6800E+2
4.2551E-2	1.0380E+0	-6.0600E+2
4.3256E-2	1.0371E+0	-6.2000E+2
4.4080E-2	1.0378E+0	-6.4700E+2
4.4904E-2	1.0397E+0	-1.2040E+3
4.5610E-2	1.0383E+0	-8.6300E+2
4.6551E-2	1.0371E+0	-5.2700E+2
4.7257E-2	1.0400E+0	-5.2000E+2
4.8080E-2	1.0388E+0	-1.9800E+2
4.8904E-2	1.0388E+0	-9.4600E+2
4.9610E-2	1.0385E+0	-2.2200E+2
5.0551E-2	1.0375E+0	-6.6800E+2
5.1257E-2	1.0373E+0	-5.4000E+1
