Aux out [V]	Aux in [V]	PDH out [a.u.]
-1.0512E-2	1.0334E+0	-6.4900E+2
-9.5710E-3	1.0349E+0	-3.1900E+2
-8.6298E-3	1.0334E+0	-5.5200E+2
-7.6885E-3	1.0337E+0	-3.3100E+2
-6.7473E-3	1.0341E+0	-3.7500E+2
-5.8060E-3	1.0327E+0	-2.1700E+2
-4.8648E-3	1.0339E+0	-4.0600E+2
-3.9235E-3	1.0337E+0	-7.7200E+2
-2.9823E-3	1.0341E+0	-1.7500E+2
-2.0410E-3	1.0332E+0	-9.3600E+2
-1.0998E-3	1.0337E+0	-6.2400E+2
-1.5853E-4	1.0344E+0	-5.6300E+2
7.8272E-4	1.0354E+0	-6.4400E+2
1.7240E-3	1.0327E+0	-6.6800E+2
2.6652E-3	1.0339E+0	-4.6100E+2
3.6065E-3	1.0332E+0	-3.8100E+2
4.5477E-3	1.0329E+0	-5.7000E+1
5.4890E-3	1.0337E+0	-6.9000E+2
6.4302E-3	1.0310E+0	-4.5500E+2
7.3714E-3	1.0337E+0	-3.2300E+2
8.4303E-3	1.0339E+0	-3.2000E+2
9.2539E-3	1.0320E+0	-3.0900E+2
1.0195E-2	1.0320E+0	-4.5300E+2
1.1136E-2	1.0337E+0	-1.0020E+3
1.2078E-2	1.0329E+0	1.9600E+2
1.3137E-2	1.0324E+0	-8.2900E+2
1.3960E-2	1.0324E+0	-5.7300E+2
1.4901E-2	1.0322E+0	-4.3600E+2
1.5843E-2	1.0324E+0	-8.9100E+2
1.6784E-2	1.0334E+0	-4.4600E+2
1.7725E-2	1.0320E+0	-4.9500E+2
1.8666E-2	1.0317E+0	-8.5200E+2
1.9608E-2	1.0303E+0	-4.5000E+2
2.0549E-2	1.0310E+0	-7.0800E+2
2.1490E-2	1.0310E+0	-1.6400E+2
2.2431E-2	1.0320E+0	-9.5000E+1
2.3373E-2	1.0312E+0	-5.9500E+2
2.4314E-2	1.0317E+0	-5.6200E+2
2.5255E-2	1.0303E+0	-7.2700E+2
2.6196E-2	1.0295E+0	-3.0800E+2
2.7138E-2	1.0295E+0	-2.7900E+2
2.8079E-2	1.0327E+0	-5.5300E+2
2.9020E-2	1.0298E+0	-1.1160E+3
2.9961E-2	1.0293E+0	6.7000E+1
3.0903E-2	1.0310E+0	-5.0200E+2
3.1844E-2	1.0300E+0	-5.3800E+2
3.2785E-2	1.0305E+0	-8.5400E+2
3.3726E-2	1.0293E+0	-6.5300E+2
3.4668E-2	1.0283E+0	-3.6600E+2
3.5609E-2	1.0300E+0	-4.6300E+2
3.6550E-2	1.0293E+0	-3.3500E+2
3.7491E-2	1.0303E+0	1.1600E+2
3.8433E-2	1.0293E+0	-6.8400E+2
3.9374E-2	1.0273E+0	-4.4800E+2
4.0315E-2	1.0271E+0	-8.1800E+2
4.1256E-2	1.0278E+0	-7.0300E+2
4.2080E-2	1.0283E+0	-7.1700E+2
4.3139E-2	1.0288E+0	-4.8700E+2
4.4080E-2	1.0269E+0	3.2000E+2
4.5021E-2	1.0281E+0	-7.5600E+2
4.5963E-2	1.0269E+0	-8.1700E+2
4.6786E-2	1.0261E+0	-1.6300E+2
4.7845E-2	1.0259E+0	-6.3700E+2
4.8786E-2	1.0256E+0	-1.0460E+3
4.9728E-2	1.0256E+0	-3.0600E+2
5.0669E-2	1.0256E+0	-9.1700E+2
5.1610E-2	1.0259E+0	-4.2200E+2
5.2551E-2	1.0256E+0	-4.6800E+2
5.3493E-2	1.0244E+0	-3.3100E+2
5.4434E-2	1.0244E+0	-4.7000E+1
5.5375E-2	1.0244E+0	-6.5500E+2
5.6316E-2	1.0239E+0	-5.7800E+2
5.7258E-2	1.0235E+0	-3.4000E+1
5.8199E-2	1.0230E+0	-7.0100E+2
5.9140E-2	1.0227E+0	1.2100E+2
6.0081E-2	1.0235E+0	-2.9000E+1
6.1023E-2	1.0213E+0	1.2400E+2
6.1964E-2	1.0232E+0	-3.2000E+1
6.2905E-2	1.0218E+0	-5.7000E+2
6.3846E-2	1.0230E+0	-5.0100E+2
6.4788E-2	1.0196E+0	-2.8000E+2
6.5729E-2	1.0205E+0	-2.0100E+2
6.6552E-2	1.0191E+0	-5.7900E+2
6.7611E-2	1.0184E+0	-8.0300E+2
6.8552E-2	1.0191E+0	-7.0200E+2
6.9494E-2	1.0191E+0	-5.6300E+2
7.0435E-2	1.0179E+0	-5.9600E+2
7.1259E-2	1.0159E+0	1.1200E+2
7.2317E-2	1.0157E+0	-2.3300E+2
7.3259E-2	1.0164E+0	-4.6300E+2
7.4200E-2	1.0159E+0	1.1900E+2
7.5141E-2	1.0157E+0	3.4300E+2
7.5965E-2	1.0130E+0	-1.0000E+0
7.7024E-2	1.0128E+0	-2.3100E+2
7.7965E-2	1.0123E+0	-6.8700E+2
7.8906E-2	1.0111E+0	-2.0700E+2
7.9847E-2	1.0098E+0	-7.4000E+2
8.0671E-2	1.0101E+0	6.0000E+1
8.1730E-2	1.0074E+0	-2.5600E+2
8.2671E-2	1.0084E+0	-2.1900E+2
8.3612E-2	1.0069E+0	-5.5200E+2
8.4554E-2	1.0050E+0	1.5700E+2
8.5377E-2	1.0055E+0	-6.0000E+1
8.6436E-2	1.0038E+0	-4.1300E+2
8.7377E-2	1.0021E+0	-3.3500E+2
8.8319E-2	1.0021E+0	-4.3100E+2
8.9260E-2	1.0006E+0	-2.4000E+1
9.0084E-2	9.9989E-1	-6.5000E+1
9.1025E-2	9.9624E-1	-1.4000E+2
9.2084E-2	9.9746E-1	1.5000E+1
9.3025E-2	9.9527E-1	4.5000E+1
9.3966E-2	9.9187E-1	-2.0600E+2
9.4790E-2	9.9309E-1	2.2500E+2
9.5731E-2	9.9066E-1	-5.4200E+2
9.6790E-2	9.9017E-1	6.3100E+2
9.7731E-2	9.8798E-1	3.9500E+2
9.8672E-2	9.8483E-1	2.7600E+2
9.9614E-2	9.8434E-1	5.0200E+2
1.0044E-1	9.8240E-1	5.8000E+1
1.0150E-1	9.7900E-1	-1.2400E+2
1.0244E-1	9.7875E-1	-1.9400E+2
1.0338E-1	9.7681E-1	-1.4400E+2
1.0432E-1	9.7584E-1	1.1700E+2
1.0514E-1	9.7341E-1	2.4400E+2
1.0620E-1	9.7122E-1	2.9700E+2
1.0714E-1	9.7025E-1	-1.6900E+2
1.0808E-1	9.6806E-1	-2.5800E+2
1.0903E-1	9.6442E-1	-1.4000E+2
1.0985E-1	9.6199E-1	2.2100E+2
1.1091E-1	9.6029E-1	5.4000E+1
1.1185E-1	9.5835E-1	2.7900E+2
1.1279E-1	9.5495E-1	-4.1000E+1
1.1373E-1	9.5276E-1	4.6000E+2
1.1456E-1	9.4960E-1	3.4100E+2
1.1550E-1	9.4790E-1	7.3200E+2
1.1656E-1	9.4523E-1	6.4800E+2
1.1750E-1	9.4183E-1	3.8000E+2
1.1844E-1	9.3940E-1	4.5000E+2
1.1926E-1	9.3575E-1	4.9900E+2
1.2020E-1	9.3332E-1	4.0400E+2
1.2126E-1	9.3041E-1	4.8900E+2
1.2220E-1	9.2725E-1	7.7900E+2
1.2314E-1	9.2458E-1	5.2500E+2
1.2397E-1	9.2288E-1	9.7800E+2
1.2491E-1	9.1802E-1	5.1000E+2
1.2597E-1	9.1438E-1	1.8000E+1
1.2691E-1	9.1195E-1	7.3200E+2
1.2785E-1	9.0879E-1	7.3100E+2
1.2867E-1	9.0466E-1	1.3610E+3
1.2962E-1	9.0053E-1	9.2100E+2
1.3067E-1	8.9737E-1	1.1070E+3
1.3162E-1	8.9421E-1	7.7800E+2
1.3256E-1	8.8765E-1	5.6300E+2
1.3338E-1	8.8838E-1	4.4200E+2
1.3432E-1	8.8085E-1	9.5300E+2
1.3538E-1	8.7964E-1	7.2200E+2
1.3632E-1	8.7551E-1	5.6200E+2
1.3726E-1	8.7162E-1	1.0010E+3
1.3809E-1	8.6749E-1	1.2280E+3
1.3903E-1	8.6239E-1	8.9200E+2
1.3997E-1	8.5777E-1	8.9400E+2
1.4103E-1	8.5461E-1	8.7900E+2
1.4197E-1	8.5243E-1	7.2300E+2
1.4279E-1	8.4587E-1	1.1980E+3
1.4373E-1	8.4320E-1	1.1280E+3
1.4468E-1	8.3858E-1	9.5700E+2
1.4573E-1	8.3494E-1	1.1700E+3
1.4668E-1	8.2959E-1	8.7400E+2
1.4762E-1	8.2619E-1	1.1100E+3
1.4844E-1	8.2158E-1	9.8400E+2
1.4938E-1	8.1623E-1	1.5130E+3
1.5044E-1	8.1113E-1	2.1030E+3
1.5138E-1	8.0821E-1	9.9000E+2
1.5232E-1	8.0433E-1	1.1510E+3
1.5315E-1	8.0117E-1	1.4710E+3
1.5409E-1	7.9558E-1	1.0780E+3
1.5515E-1	7.9024E-1	1.5450E+3
1.5609E-1	7.8659E-1	1.1160E+3
1.5703E-1	7.8052E-1	8.1300E+2
1.5785E-1	7.7955E-1	1.5510E+3
1.5879E-1	7.7080E-1	1.4320E+3
1.5985E-1	7.6886E-1	1.1970E+3
1.6079E-1	7.6400E-1	1.3280E+3
1.6174E-1	7.6084E-1	1.3490E+3
1.6256E-1	7.5598E-1	1.5200E+3
1.6350E-1	7.5210E-1	1.3450E+3
1.6444E-1	7.4942E-1	1.6540E+3
1.6550E-1	7.4359E-1	1.0870E+3
1.6644E-1	7.4068E-1	1.5820E+3
1.6727E-1	7.3606E-1	1.5150E+3
1.6821E-1	7.3096E-1	1.8260E+3
1.6915E-1	7.2732E-1	1.3100E+3
1.7021E-1	7.2367E-1	1.7950E+3
1.7115E-1	7.2076E-1	1.6190E+3
1.7197E-1	7.1614E-1	1.5970E+3
1.7291E-1	7.1250E-1	1.6560E+3
1.7385E-1	7.0934E-1	1.1260E+3
1.7491E-1	7.0497E-1	1.1640E+3
1.7585E-1	7.0254E-1	1.6270E+3
1.7668E-1	6.9574E-1	1.2010E+3
1.7762E-1	6.9476E-1	1.5650E+3
1.7856E-1	6.9112E-1	1.1240E+3
1.7962E-1	6.8578E-1	1.6170E+3
1.8056E-1	6.8456E-1	1.1310E+3
1.8138E-1	6.7873E-1	1.4660E+3
1.8233E-1	6.7776E-1	1.1990E+3
1.8327E-1	6.7533E-1	1.5120E+3
1.8433E-1	6.7241E-1	1.1080E+3
1.8527E-1	6.6707E-1	1.6050E+3
1.8609E-1	6.6440E-1	1.7510E+3
1.8703E-1	6.6367E-1	1.2860E+3
1.8797E-1	6.6027E-1	1.3280E+3
1.8891E-1	6.5735E-1	1.3760E+3
1.8997E-1	6.5492E-1	1.4330E+3
1.9080E-1	6.5322E-1	9.6300E+2
1.9174E-1	6.5055E-1	1.3560E+3
1.9268E-1	6.4982E-1	8.5400E+2
1.9362E-1	6.4836E-1	1.0520E+3
1.9468E-1	6.4569E-1	1.4590E+3
1.9562E-1	6.4326E-1	1.3560E+3
1.9644E-1	6.4205E-1	8.3800E+2
1.9739E-1	6.4059E-1	1.1890E+3
1.9833E-1	6.4059E-1	1.2310E+3
1.9939E-1	6.3743E-1	1.1950E+3
2.0033E-1	6.3500E-1	1.6960E+3
2.0115E-1	6.3695E-1	6.9400E+2
2.0209E-1	6.3549E-1	7.3600E+2
2.0303E-1	6.3403E-1	9.7200E+2
2.0409E-1	6.3184E-1	8.4300E+2
2.0503E-1	6.3233E-1	9.2400E+2
2.0586E-1	6.3184E-1	6.5900E+2
2.0680E-1	6.3014E-1	2.1900E+2
2.0774E-1	6.3160E-1	9.3600E+2
2.0880E-1	6.3136E-1	1.0490E+3
2.0974E-1	6.3063E-1	7.2000E+2
2.1056E-1	6.3039E-1	7.4000E+2
2.1150E-1	6.3160E-1	4.1500E+2
2.1245E-1	6.3160E-1	1.0930E+3
2.1339E-1	6.3160E-1	2.0400E+2
2.1445E-1	6.3160E-1	5.1400E+2
2.1527E-1	6.3452E-1	7.7500E+2
2.1621E-1	6.3403E-1	7.9300E+2
2.1715E-1	6.3427E-1	7.3700E+2
2.1809E-1	6.3597E-1	9.7800E+2
2.1915E-1	6.3525E-1	1.0630E+3
2.1998E-1	6.3646E-1	4.0600E+2
2.2092E-1	6.3816E-1	8.0300E+2
2.2186E-1	6.4059E-1	8.2000E+1
2.2280E-1	6.4132E-1	6.0500E+2
2.2386E-1	6.4180E-1	5.9400E+2
2.2468E-1	6.4399E-1	2.9500E+2
2.2562E-1	6.4472E-1	3.4900E+2
2.2656E-1	6.4764E-1	1.8400E+2
2.2751E-1	6.5055E-1	3.2700E+2
2.2856E-1	6.5322E-1	3.1300E+2
2.2939E-1	6.5565E-1	7.1200E+2
2.3033E-1	6.5687E-1	8.6000E+1
2.3127E-1	6.5881E-1	9.8200E+2
2.3221E-1	6.6124E-1	6.7900E+2
2.3327E-1	6.6270E-1	1.5600E+2
2.3409E-1	6.6513E-1	2.1000E+1
2.3504E-1	6.6853E-1	-1.2500E+2
2.3598E-1	6.7096E-1	-1.9600E+2
2.3692E-1	6.7509E-1	-1.0600E+2
2.3786E-1	6.7800E-1	-1.0600E+2
2.3880E-1	6.8019E-1	3.6000E+1
2.3974E-1	6.8578E-1	-2.4400E+2
2.4068E-1	6.8748E-1	-2.2800E+2
2.4162E-1	6.9039E-1	-5.1200E+2
2.4257E-1	6.9428E-1	5.0200E+2
2.4351E-1	6.9938E-1	1.6700E+2
2.4445E-1	7.0205E-1	-4.5200E+2
2.4539E-1	7.0472E-1	-1.5000E+1
2.4633E-1	7.1031E-1	-3.3300E+2
2.4727E-1	7.1298E-1	-7.0600E+2
2.4821E-1	7.1517E-1	1.8400E+2
2.4915E-1	7.2173E-1	-2.6700E+2
2.5010E-1	7.2319E-1	5.2000E+1
2.5104E-1	7.2926E-1	1.3200E+2
2.5198E-1	7.2999E-1	-3.8400E+2
2.5292E-1	7.3679E-1	1.8000E+1
2.5386E-1	7.4214E-1	-5.2600E+2
2.5480E-1	7.4457E-1	-5.8200E+2
2.5574E-1	7.4748E-1	2.0500E+2
2.5668E-1	7.5307E-1	-5.1500E+2
2.5763E-1	7.5720E-1	-5.6000E+2
2.5857E-1	7.6133E-1	-1.0000E+1
2.5951E-1	7.6546E-1	-1.0360E+3
2.6045E-1	7.7153E-1	-7.0500E+2
2.6139E-1	7.7493E-1	-1.3660E+3
2.6221E-1	7.7785E-1	-6.9900E+2
2.6327E-1	7.8149E-1	-1.6700E+2
2.6421E-1	7.8562E-1	-6.5300E+2
2.6516E-1	7.9145E-1	-8.8600E+2
2.6610E-1	7.9510E-1	-6.7300E+2
2.6704E-1	8.0044E-1	-1.2310E+3
2.6798E-1	8.0433E-1	1.0900E+2
2.6892E-1	8.0821E-1	-7.2400E+2
2.6986E-1	8.1283E-1	-6.3500E+2
2.7080E-1	8.1672E-1	-2.4700E+2
2.7174E-1	8.2230E-1	-8.7500E+2
2.7269E-1	8.2668E-1	-1.0030E+3
2.7363E-1	8.2983E-1	-9.1800E+2
2.7457E-1	8.3251E-1	-9.8800E+2
2.7551E-1	8.3907E-1	-1.0060E+3
2.7645E-1	8.4271E-1	-1.6780E+3
2.7739E-1	8.4660E-1	-8.3700E+2
2.7833E-1	8.4878E-1	-8.7000E+2
2.7927E-1	8.5194E-1	-8.9300E+2
2.8022E-1	8.5972E-1	-5.1400E+2
2.8116E-1	8.6312E-1	-9.7300E+2
2.8210E-1	8.6627E-1	-1.1960E+3
2.8304E-1	8.6822E-1	-6.0000E+2
2.8398E-1	8.7138E-1	-6.9900E+2
2.8492E-1	8.7575E-1	-6.5200E+2
2.8586E-1	8.8037E-1	-6.4800E+2
2.8669E-1	8.8425E-1	-1.2800E+3
2.8775E-1	8.8644E-1	-8.4600E+2
2.8869E-1	8.8935E-1	-1.2430E+3
2.8963E-1	8.9567E-1	-1.2990E+3
2.9057E-1	8.9810E-1	-6.8500E+2
2.9139E-1	9.0126E-1	-5.7800E+2
2.9245E-1	9.0344E-1	-1.2850E+3
2.9339E-1	9.0733E-1	-7.0100E+2
2.9433E-1	9.1025E-1	-1.0580E+3
2.9528E-1	9.1243E-1	-1.1040E+3
2.9610E-1	9.1510E-1	-9.2500E+2
2.9716E-1	9.2021E-1	-8.1300E+2
2.9810E-1	9.2312E-1	-8.4600E+2
2.9904E-1	9.2604E-1	-5.6700E+2
2.9998E-1	9.2847E-1	-1.0230E+3
3.0081E-1	9.3090E-1	-1.0980E+3
3.0186E-1	9.3187E-1	-8.7300E+2
3.0281E-1	9.3527E-1	-5.2100E+2
3.0375E-1	9.3988E-1	-1.2500E+3
3.0469E-1	9.4013E-1	-5.3900E+2
3.0551E-1	9.4353E-1	-5.2400E+2
3.0657E-1	9.4523E-1	-1.5000E+2
3.0751E-1	9.4839E-1	-6.6100E+2
3.0845E-1	9.4960E-1	-7.7800E+2
3.0939E-1	9.5324E-1	-8.7800E+2
3.1022E-1	9.5422E-1	-5.9700E+2
3.1116E-1	9.5616E-1	-8.8500E+2
3.1222E-1	9.5835E-1	-6.8600E+2
3.1316E-1	9.5932E-1	-7.5200E+2
3.1410E-1	9.6126E-1	-5.4800E+2
3.1504E-1	9.6321E-1	-8.4200E+2
3.1587E-1	9.6539E-1	-7.6900E+2
3.1692E-1	9.6831E-1	-5.5300E+2
3.1787E-1	9.7025E-1	-1.2450E+3
3.1881E-1	9.7049E-1	-6.2600E+2
3.1975E-1	9.7146E-1	-8.9100E+2
3.2057E-1	9.7195E-1	-4.3600E+2
3.2163E-1	9.7365E-1	-1.9000E+2
3.2257E-1	9.7462E-1	-9.5600E+2
3.2351E-1	9.7730E-1	-1.0460E+3
3.2445E-1	9.7875E-1	-1.1400E+3
3.2528E-1	9.7924E-1	-1.0450E+3
3.2634E-1	9.8021E-1	-4.9800E+2
3.2728E-1	9.8215E-1	-1.8100E+2
3.2822E-1	9.8313E-1	-6.8500E+2
3.2916E-1	9.8555E-1	-7.4800E+2
3.2998E-1	9.8361E-1	-6.6500E+2
3.3104E-1	9.8628E-1	-7.3100E+2
3.3198E-1	9.8701E-1	-1.0410E+3
3.3293E-1	9.8774E-1	-5.3100E+2
3.3387E-1	9.8920E-1	-7.2100E+2
3.3469E-1	9.8993E-1	-9.5400E+2
3.3563E-1	9.8871E-1	-6.5600E+2
3.3669E-1	9.9041E-1	-3.5600E+2
3.3763E-1	9.9284E-1	-6.2900E+2
3.3857E-1	9.9406E-1	-5.0400E+2
3.3940E-1	9.9406E-1	-9.2900E+2
3.4034E-1	9.9430E-1	-5.5000E+2
3.4140E-1	9.9381E-1	-7.4100E+2
3.4234E-1	9.9576E-1	-8.6600E+2
3.4328E-1	9.9454E-1	-2.9600E+2
3.4410E-1	9.9624E-1	-1.3050E+3
3.4504E-1	9.9576E-1	-2.5400E+2
3.4610E-1	9.9503E-1	-4.5100E+2
3.4704E-1	9.9552E-1	-8.0800E+2
3.4799E-1	9.9770E-1	-5.9000E+2
3.4881E-1	9.9819E-1	-5.3700E+2
3.4975E-1	9.9867E-1	-1.3300E+2
3.5081E-1	9.9819E-1	-6.3600E+2
3.5175E-1	9.9916E-1	-4.9000E+2
3.5269E-1	9.9916E-1	-2.9000E+2
3.5351E-1	9.9916E-1	-7.6800E+2
3.5446E-1	9.9965E-1	-7.3700E+2
3.5552E-1	1.0004E+0	-1.4000E+2
3.5646E-1	1.0001E+0	-1.2000E+1
3.5740E-1	1.0016E+0	1.8500E+2
3.5822E-1	1.0011E+0	-8.5000E+1
3.5916E-1	1.0006E+0	-5.1500E+2
3.6010E-1	1.0004E+0	-4.6500E+2
3.6116E-1	1.0018E+0	-3.6600E+2
3.6210E-1	1.0009E+0	-5.0500E+2
3.6305E-1	1.0004E+0	-8.4000E+1
3.6387E-1	1.0009E+0	-1.8700E+2
3.6481E-1	1.0016E+0	-5.8600E+2
3.6587E-1	1.0013E+0	-6.9600E+2
3.6681E-1	1.0033E+0	-8.2500E+2
3.6775E-1	1.0021E+0	-6.9500E+2
3.6857E-1	1.0009E+0	-8.6500E+2
3.6952E-1	1.0016E+0	-1.1220E+3
3.7058E-1	1.0016E+0	-3.3200E+2
3.7152E-1	1.0026E+0	-1.0270E+3
3.7246E-1	1.0011E+0	-1.0320E+3
3.7328E-1	1.0023E+0	-7.7600E+2
3.7422E-1	1.0021E+0	6.3000E+1
3.7528E-1	1.0028E+0	-6.0700E+2
3.7622E-1	1.0028E+0	-1.0790E+3
3.7716E-1	1.0023E+0	-8.2900E+2
3.7799E-1	1.0021E+0	-1.1720E+3
3.7893E-1	1.0038E+0	-7.8900E+2
3.7999E-1	1.0026E+0	-8.8400E+2
3.8093E-1	1.0028E+0	-4.8100E+2
3.8187E-1	1.0033E+0	-4.4400E+2
3.8269E-1	1.0028E+0	-1.3110E+3
3.8363E-1	1.0030E+0	-2.6500E+2
3.8458E-1	1.0023E+0	4.4000E+1
3.8564E-1	1.0016E+0	-6.1000E+2
3.8658E-1	1.0013E+0	-5.0200E+2
3.8740E-1	1.0040E+0	-4.3600E+2
3.8834E-1	1.0028E+0	-9.0000E+1
3.8928E-1	1.0004E+0	-3.9000E+2
3.9034E-1	1.0011E+0	3.4000E+1
3.9128E-1	1.0028E+0	-5.7200E+2
3.9211E-1	1.0023E+0	-4.8800E+2
3.9305E-1	1.0026E+0	-3.7500E+2
3.9399E-1	1.0011E+0	-3.6500E+2
3.9505E-1	1.0016E+0	-6.4600E+2
3.9599E-1	9.9916E-1	-3.2200E+2
3.9681E-1	1.0035E+0	-4.9400E+2
3.9775E-1	1.0006E+0	-4.2500E+2
3.9869E-1	1.0009E+0	-4.1900E+2
3.9975E-1	1.0006E+0	-1.0470E+3
4.0069E-1	1.0021E+0	-4.7400E+2
4.0152E-1	1.0023E+0	-4.1200E+2
4.0246E-1	1.0018E+0	-1.2830E+3
4.0340E-1	1.0016E+0	-1.0220E+3
4.0446E-1	1.0018E+0	-5.4800E+2
4.0540E-1	1.0011E+0	-1.3800E+2
4.0622E-1	1.0016E+0	-5.1800E+2
4.0717E-1	9.9940E-1	-3.1500E+2
4.0811E-1	1.0009E+0	-6.2000E+2
4.0905E-1	1.0001E+0	-5.5700E+2
4.1011E-1	9.9965E-1	-1.0240E+3
4.1105E-1	1.0004E+0	-2.6200E+2
4.1187E-1	9.9989E-1	-3.0800E+2
4.1281E-1	1.0011E+0	-6.7400E+2
4.1375E-1	9.9965E-1	-2.2600E+2
4.1481E-1	9.9867E-1	-5.5700E+2
4.1575E-1	1.0011E+0	-5.8500E+2
4.1658E-1	1.0009E+0	-6.1800E+2
4.1752E-1	1.0011E+0	9.3000E+1
4.1846E-1	9.9965E-1	-1.4100E+2
4.1952E-1	1.0011E+0	-8.5600E+2
4.2046E-1	9.9965E-1	-3.6700E+2
4.2128E-1	1.0001E+0	-3.0400E+2
4.2223E-1	9.9989E-1	-1.2370E+3
4.2317E-1	1.0011E+0	-7.8100E+2
4.2423E-1	9.9965E-1	-4.2800E+2
4.2517E-1	9.9989E-1	-5.2900E+2
4.2599E-1	9.9989E-1	-1.6500E+2
4.2693E-1	9.9794E-1	-5.0000E+1
4.2787E-1	9.9940E-1	-5.0700E+2
4.2893E-1	9.9916E-1	-9.6400E+2
4.2987E-1	9.9867E-1	-3.4100E+2
4.3070E-1	9.9843E-1	-4.2600E+2
4.3164E-1	9.9794E-1	-8.8100E+2
4.3258E-1	9.9916E-1	-9.1500E+2
4.3352E-1	9.9916E-1	-5.8700E+2
4.3458E-1	9.9867E-1	-7.8000E+1
4.3540E-1	1.0001E+0	-8.8800E+2
4.3634E-1	9.9843E-1	-4.3500E+2
4.3729E-1	9.9965E-1	-5.4300E+2
4.3823E-1	9.9746E-1	2.7500E+2
4.3929E-1	9.9722E-1	-1.0840E+3
4.4011E-1	9.9624E-1	-3.7500E+2
4.4105E-1	9.9867E-1	-9.1700E+2
4.4199E-1	9.9794E-1	-4.3700E+2
4.4293E-1	9.9867E-1	-3.3800E+2
4.4399E-1	9.9746E-1	3.0700E+2
4.4482E-1	9.9843E-1	-2.2600E+2
4.4576E-1	9.9552E-1	-5.4000E+2
4.4670E-1	9.9673E-1	-6.7900E+2
4.4764E-1	9.9819E-1	-3.8000E+2
4.4870E-1	9.9867E-1	-3.8600E+2
4.4952E-1	9.9624E-1	-6.6600E+2
4.5046E-1	9.9697E-1	2.3000E+1
4.5140E-1	9.9770E-1	-5.1000E+2
4.5235E-1	9.9770E-1	-2.6600E+2
4.5340E-1	9.9722E-1	-7.7200E+2
4.5423E-1	9.9746E-1	-6.1600E+2
4.5517E-1	9.9746E-1	-4.3700E+2
4.5611E-1	9.9454E-1	-1.0180E+3
4.5705E-1	9.9746E-1	-5.5700E+2
4.5799E-1	9.9867E-1	-7.2900E+2
4.5905E-1	9.9649E-1	-7.8700E+2
4.5988E-1	9.9552E-1	-3.0300E+2
4.6082E-1	9.9770E-1	-5.5900E+2
4.6176E-1	9.9697E-1	-4.3600E+2
4.6270E-1	9.9770E-1	-7.8000E+2
4.6376E-1	9.9527E-1	-4.3400E+2
4.6458E-1	9.9527E-1	-4.6400E+2
4.6552E-1	9.9624E-1	-7.9100E+2
4.6646E-1	9.9649E-1	-8.6900E+2
4.6741E-1	9.9406E-1	-2.6400E+2
4.6846E-1	9.9600E-1	-8.7100E+2
4.6929E-1	9.9576E-1	-2.1400E+2
4.7023E-1	9.9624E-1	-2.6000E+2
4.7117E-1	9.9624E-1	-5.1300E+2
4.7211E-1	9.9697E-1	-5.6200E+2
4.7317E-1	9.9600E-1	2.0200E+2
4.7399E-1	9.9479E-1	-5.3300E+2
4.7494E-1	9.9624E-1	-6.6300E+2
4.7588E-1	9.9527E-1	-1.9000E+2
4.7682E-1	9.9576E-1	4.2400E+2
4.7788E-1	9.9552E-1	-2.7800E+2
4.7870E-1	9.9333E-1	-4.4700E+2
4.7964E-1	9.9309E-1	-7.3200E+2
4.8058E-1	9.9527E-1	-8.3300E+2
4.8152E-1	9.9454E-1	-1.1700E+2
4.8247E-1	9.9406E-1	-5.1300E+2
4.8341E-1	9.9454E-1	-4.8200E+2
4.8435E-1	9.9479E-1	-2.5700E+2
4.8529E-1	9.9406E-1	-8.9500E+2
4.8623E-1	9.9357E-1	-7.5300E+2
4.8717E-1	9.9406E-1	-2.9300E+2
4.8811E-1	9.9503E-1	-2.4100E+2
4.8905E-1	9.9357E-1	-5.8300E+2
4.9000E-1	9.9430E-1	-8.1700E+2
4.9094E-1	9.9381E-1	-4.9800E+2
4.9188E-1	9.9503E-1	-8.9200E+2
4.9282E-1	9.9357E-1	-1.2190E+3
4.9376E-1	9.9430E-1	-4.5100E+2
4.9470E-1	9.9333E-1	-7.0800E+2
4.9564E-1	9.9236E-1	-5.8300E+2
4.9658E-1	9.9357E-1	-2.2200E+2
4.9753E-1	9.9309E-1	-8.0600E+2
4.9847E-1	9.9260E-1	-1.0200E+2
4.9941E-1	9.9333E-1	-8.4800E+2
5.0035E-1	9.9236E-1	-8.1000E+2
5.0129E-1	9.9430E-1	-5.1000E+1
5.0223E-1	9.9454E-1	-3.3300E+2
5.0317E-1	9.9309E-1	-4.7300E+2
5.0411E-1	9.9333E-1	-2.8700E+2
5.0506E-1	9.9309E-1	-1.5600E+2
5.0600E-1	9.9284E-1	-8.7600E+2
5.0694E-1	9.9284E-1	-8.2200E+2
5.0788E-1	9.9236E-1	-6.7100E+2
5.0882E-1	9.9309E-1	-3.3000E+2
5.0976E-1	9.9211E-1	-7.3000E+2
5.1070E-1	9.9187E-1	7.9000E+1
5.1164E-1	9.9187E-1	-5.3600E+2
5.1259E-1	9.9090E-1	-8.1900E+2
5.1353E-1	9.9163E-1	-2.3500E+2
5.1447E-1	9.9236E-1	-1.0610E+3
5.1541E-1	9.9211E-1	-6.0800E+2
5.1635E-1	9.9090E-1	-1.6200E+2
5.1729E-1	9.9236E-1	-6.0600E+2
5.1823E-1	9.9211E-1	2.9000E+1
5.1917E-1	9.9187E-1	-1.0810E+3
5.2012E-1	9.9114E-1	-5.6400E+2
5.2106E-1	9.9017E-1	-4.0200E+2
5.2200E-1	9.9163E-1	-2.4200E+2
5.2294E-1	9.9163E-1	-1.2040E+3
5.2388E-1	9.9017E-1	-1.4500E+2
5.2482E-1	9.9163E-1	-5.0800E+2
5.2576E-1	9.9236E-1	-1.1480E+3
5.2670E-1	9.9284E-1	-2.4900E+2
5.2765E-1	9.9260E-1	-5.3400E+2
5.2859E-1	9.9139E-1	-1.8600E+2
5.2953E-1	9.9066E-1	-1.1910E+3
5.3047E-1	9.8968E-1	-4.2500E+2
5.3129E-1	9.9066E-1	-5.9900E+2
5.3235E-1	9.8993E-1	2.0200E+2
5.3329E-1	9.9017E-1	-4.0300E+2
5.3423E-1	9.8993E-1	-4.2200E+2
5.3518E-1	9.9066E-1	-5.6000E+2
5.3600E-1	9.9114E-1	-7.5500E+2
5.3706E-1	9.8871E-1	-2.9800E+2
5.3800E-1	9.9017E-1	-6.8200E+2
5.3894E-1	9.9114E-1	-6.9100E+2
5.3988E-1	9.8944E-1	-1.1270E+3
5.4071E-1	9.9017E-1	-5.0500E+2
5.4176E-1	9.8993E-1	-3.8200E+2
5.4271E-1	9.8920E-1	-1.1700E+3
5.4365E-1	9.9017E-1	-3.9000E+2
5.4459E-1	9.8920E-1	-1.0070E+3
5.4541E-1	9.8847E-1	-4.1200E+2
5.4647E-1	9.9114E-1	-4.4800E+2
5.4741E-1	9.8896E-1	-8.4700E+2
5.4835E-1	9.8847E-1	-1.0530E+3
5.4929E-1	9.8920E-1	-5.3900E+2
5.5024E-1	9.8823E-1	-8.1900E+2
5.5118E-1	9.8798E-1	-1.6700E+2
5.5212E-1	9.8944E-1	-8.2100E+2
5.5306E-1	9.8968E-1	-4.2600E+2
5.5400E-1	9.9017E-1	-4.9900E+2
5.5494E-1	9.8798E-1	-2.2800E+2
5.5577E-1	9.8920E-1	-9.0000E+0
5.5682E-1	9.8726E-1	2.1800E+2
5.5777E-1	9.8968E-1	-6.3600E+2
5.5871E-1	9.8823E-1	-7.1800E+2
5.5965E-1	9.8798E-1	-1.4600E+2
5.6047E-1	9.8750E-1	-5.3900E+2
5.6153E-1	9.8823E-1	-7.9200E+2
5.6247E-1	9.8871E-1	-5.8300E+2
5.6341E-1	9.8774E-1	-8.9400E+2
5.6435E-1	9.8847E-1	-4.0600E+2
5.6518E-1	9.8798E-1	-7.7000E+1
5.6624E-1	9.8823E-1	-5.9900E+2
5.6718E-1	9.8677E-1	-1.4500E+2
5.6812E-1	9.8774E-1	-7.7000E+2
5.6906E-1	9.8701E-1	-4.3800E+2
5.6988E-1	9.8750E-1	-9.3600E+2
5.7094E-1	9.8726E-1	-1.8200E+2
5.7188E-1	9.8507E-1	-2.7400E+2
5.7283E-1	9.8580E-1	-5.3700E+2
5.7377E-1	9.8677E-1	-4.4600E+2
5.7459E-1	9.8555E-1	-4.8800E+2
5.7565E-1	9.8628E-1	-9.5000E+2
5.7659E-1	9.8580E-1	-4.1400E+2
5.7753E-1	9.8628E-1	1.3900E+2
5.7847E-1	9.8653E-1	-6.3900E+2
5.7930E-1	9.8677E-1	8.5000E+1
5.8024E-1	9.8701E-1	-5.1600E+2
5.8130E-1	9.8483E-1	-4.2400E+2
5.8224E-1	9.8507E-1	-4.8900E+2
5.8318E-1	9.8580E-1	-2.3800E+2
5.8400E-1	9.8580E-1	-3.0500E+2
5.8494E-1	9.8507E-1	-8.4000E+2
5.8600E-1	9.8434E-1	-3.6300E+2
5.8694E-1	9.8385E-1	-9.2900E+2
5.8789E-1	9.8458E-1	-4.6100E+2
5.8871E-1	9.8483E-1	-7.1800E+2
5.8965E-1	9.8434E-1	-2.1400E+2
5.9071E-1	9.8531E-1	-8.3000E+2
5.9165E-1	9.8337E-1	-1.8700E+2
5.9259E-1	9.8507E-1	2.2000E+1
5.9342E-1	9.8337E-1	-9.6300E+2
5.9436E-1	9.8385E-1	-3.7500E+2
5.9542E-1	9.8313E-1	-6.1000E+1
5.9636E-1	9.8264E-1	-3.1200E+2
5.9730E-1	9.8337E-1	3.8000E+1
5.9824E-1	9.8264E-1	-1.2000E+1
5.9906E-1	9.8240E-1	-4.5600E+2
6.0012E-1	9.8167E-1	-9.9700E+2
6.0106E-1	9.8094E-1	-2.5400E+2
6.0200E-1	9.8070E-1	-9.5200E+2
6.0295E-1	9.8070E-1	-6.7500E+2
6.0377E-1	9.8045E-1	1.4000E+2
6.0471E-1	9.8045E-1	-2.2900E+2
6.0577E-1	9.8045E-1	-7.9600E+2
6.0671E-1	9.7948E-1	-5.6100E+2
6.0765E-1	9.7875E-1	-3.7300E+2
6.0848E-1	9.7900E-1	-1.6000E+1
6.0942E-1	9.7730E-1	-4.3600E+2
6.1048E-1	9.7802E-1	-9.6600E+2
6.1142E-1	9.7681E-1	-7.3900E+2
6.1236E-1	9.7754E-1	-2.5500E+2
6.1318E-1	9.7657E-1	-6.0300E+2
6.1412E-1	9.7754E-1	-3.2100E+2
6.1518E-1	9.7584E-1	8.8000E+1
6.1612E-1	9.7608E-1	-7.8700E+2
6.1706E-1	9.7511E-1	-4.1800E+2
6.1789E-1	9.7511E-1	-7.0900E+2
6.1883E-1	9.7317E-1	-5.8100E+2
6.1989E-1	9.7438E-1	-3.5900E+2
6.2083E-1	9.7438E-1	-8.3700E+2
6.2177E-1	9.7292E-1	-2.2000E+2
6.2259E-1	9.7268E-1	-3.1500E+2
6.2354E-1	9.7268E-1	-5.1100E+2
6.2459E-1	9.7317E-1	-4.8100E+2
6.2554E-1	9.7122E-1	1.3200E+2
6.2648E-1	9.7098E-1	-6.2800E+2
6.2730E-1	9.7049E-1	-4.7400E+2
6.2824E-1	9.6831E-1	-1.2300E+2
6.2918E-1	9.6855E-1	-5.1700E+2
6.3024E-1	9.6661E-1	-1.8200E+2
6.3118E-1	9.6685E-1	3.0000E+0
6.3201E-1	9.6588E-1	-5.4500E+2
6.3295E-1	9.6636E-1	-4.9600E+2
6.3389E-1	9.6539E-1	-3.4000E+1
6.3495E-1	9.6466E-1	-2.5100E+2
6.3589E-1	9.6466E-1	-1.7700E+2
6.3671E-1	9.6199E-1	-5.1400E+2
6.3765E-1	9.6126E-1	-5.1500E+2
6.3860E-1	9.6078E-1	-1.7600E+2
6.3965E-1	9.5980E-1	-9.7000E+2
6.4060E-1	9.5980E-1	-1.0900E+2
6.4142E-1	9.5713E-1	1.1700E+2
6.4236E-1	9.5640E-1	-7.7600E+2
6.4330E-1	9.5519E-1	-5.0800E+2
6.4436E-1	9.5470E-1	-3.5800E+2
6.4530E-1	9.5276E-1	-3.2500E+2
6.4624E-1	9.5324E-1	-8.4000E+1
6.4707E-1	9.5130E-1	-7.3000E+1
6.4801E-1	9.5057E-1	3.1300E+2
6.4907E-1	9.4936E-1	-6.8000E+1
6.5001E-1	9.4863E-1	-4.7100E+2
6.5095E-1	9.4741E-1	-2.9100E+2
6.5177E-1	9.4547E-1	-1.8500E+2
6.5271E-1	9.4353E-1	-4.0700E+2
6.5366E-1	9.4377E-1	-6.8000E+1
6.5471E-1	9.4256E-1	-1.5000E+1
6.5566E-1	9.4110E-1	-1.2700E+2
6.5648E-1	9.4037E-1	-3.1400E+2
6.5742E-1	9.3867E-1	-2.4100E+2
6.5836E-1	9.3575E-1	-6.3500E+2
6.5942E-1	9.3575E-1	-3.2300E+2
6.6036E-1	9.3454E-1	-1.5700E+2
6.6119E-1	9.3454E-1	-8.5000E+1
6.6213E-1	9.3162E-1	-5.6200E+2
6.6307E-1	9.3090E-1	-5.8100E+2
6.6413E-1	9.3065E-1	-2.2900E+2
6.6507E-1	9.2677E-1	-2.8000E+2
6.6589E-1	9.2579E-1	-3.8200E+2
6.6683E-1	9.2531E-1	-2.0600E+2
6.6777E-1	9.2434E-1	-3.0000E+0
6.6883E-1	9.2215E-1	-1.6000E+1
6.6977E-1	9.2142E-1	-2.2600E+2
6.7060E-1	9.1899E-1	-2.8700E+2
6.7154E-1	9.1802E-1	1.4000E+1
6.7248E-1	9.1608E-1	-1.6100E+2
6.7354E-1	9.1462E-1	1.0600E+2
6.7448E-1	9.1243E-1	-5.5000E+1
6.7530E-1	9.1025E-1	-5.2000E+1
6.7625E-1	9.0976E-1	3.1100E+2
6.7719E-1	9.0660E-1	-5.3300E+2
6.7813E-1	9.0684E-1	-6.0000E+1
6.7919E-1	9.0466E-1	-5.7000E+1
6.8001E-1	9.0174E-1	-2.2600E+2
6.8095E-1	9.0247E-1	9.0000E+1
6.8189E-1	9.0029E-1	-6.4000E+1
6.8283E-1	8.9688E-1	-2.4100E+2
6.8389E-1	8.9591E-1	-3.4200E+2
6.8472E-1	8.9591E-1	-2.0700E+2
6.8566E-1	8.9324E-1	-4.3700E+2
6.8660E-1	8.9105E-1	-8.3300E+2
6.8754E-1	8.8887E-1	-2.0300E+2
6.8860E-1	8.8960E-1	-1.5400E+2
6.8942E-1	8.8717E-1	3.0400E+2
6.9036E-1	8.8449E-1	-4.0500E+2
6.9130E-1	8.8328E-1	9.4000E+1
6.9225E-1	8.8182E-1	2.4000E+1
6.9331E-1	8.7939E-1	3.9700E+2
6.9425E-1	8.8085E-1	7.2000E+1
6.9507E-1	8.7794E-1	-5.4500E+2
6.9601E-1	8.7745E-1	1.4000E+1
6.9695E-1	8.7332E-1	-5.5000E+1
6.9801E-1	8.7162E-1	1.1600E+2
6.9883E-1	8.7016E-1	7.7000E+1
6.9978E-1	8.7186E-1	-6.2400E+2
7.0072E-1	8.6870E-1	2.4000E+1
7.0166E-1	8.6798E-1	-4.1600E+2
7.0260E-1	8.6579E-1	-5.9800E+2
7.0354E-1	8.6555E-1	5.4000E+1
7.0448E-1	8.6360E-1	-3.1100E+2
7.0542E-1	8.6312E-1	-2.3800E+2
7.0636E-1	8.5996E-1	-4.3200E+2
7.0731E-1	8.5850E-1	-8.2000E+1
7.0825E-1	8.5947E-1	2.2400E+2
7.0919E-1	8.5850E-1	5.1000E+1
7.1013E-1	8.5656E-1	-8.6500E+2
7.1107E-1	8.5607E-1	1.3300E+2
7.1201E-1	8.5631E-1	-9.5700E+2
7.1295E-1	8.5389E-1	-4.5500E+2
7.1389E-1	8.5170E-1	-3.1000E+2
7.1484E-1	8.5024E-1	1.7400E+2
7.1578E-1	8.5000E-1	-3.3600E+2
7.1672E-1	8.5024E-1	-2.5600E+2
7.1766E-1	8.5024E-1	-6.3000E+2
7.1860E-1	8.4854E-1	3.0000E+0
7.1954E-1	8.4878E-1	3.3000E+1
7.2048E-1	8.4781E-1	-3.1000E+2
7.2142E-1	8.4660E-1	3.8000E+1
7.2237E-1	8.4684E-1	3.3000E+1
7.2331E-1	8.4538E-1	-9.3100E+2
7.2425E-1	8.4660E-1	-2.7000E+2
7.2519E-1	8.4514E-1	-2.1600E+2
7.2613E-1	8.4344E-1	-7.4800E+2
7.2707E-1	8.4465E-1	-1.3900E+2
7.2801E-1	8.4344E-1	-1.2400E+2
7.2895E-1	8.4368E-1	7.7000E+1
7.2990E-1	8.4417E-1	-7.1900E+2
7.3084E-1	8.4295E-1	-2.0300E+2
7.3178E-1	8.4368E-1	1.6500E+2
7.3272E-1	8.4271E-1	3.6500E+2
7.3366E-1	8.4247E-1	3.0600E+2
7.3460E-1	8.4344E-1	-9.3000E+1
7.3554E-1	8.4368E-1	-6.1000E+1
7.3648E-1	8.4320E-1	-3.0800E+2
7.3743E-1	8.4344E-1	-6.4600E+2
7.3837E-1	8.4417E-1	-7.0100E+2
7.3931E-1	8.4320E-1	-5.8400E+2
7.4025E-1	8.4320E-1	-4.1900E+2
7.4119E-1	8.4344E-1	-6.1400E+2
7.4213E-1	8.4587E-1	-3.8500E+2
7.4307E-1	8.4490E-1	-3.1200E+2
7.4401E-1	8.4563E-1	-5.0700E+2
7.4496E-1	8.4684E-1	-8.7200E+2
7.4590E-1	8.4708E-1	-2.6700E+2
7.4684E-1	8.4490E-1	-6.7800E+2
7.4778E-1	8.4708E-1	-8.5600E+2
7.4872E-1	8.4830E-1	-9.2300E+2
7.4966E-1	8.4757E-1	-5.4900E+2
7.5060E-1	8.4951E-1	-1.0050E+3
7.5143E-1	8.5073E-1	-7.9800E+2
7.5249E-1	8.5316E-1	-3.6700E+2
7.5343E-1	8.5194E-1	-3.7100E+2
7.5437E-1	8.5316E-1	-7.6200E+2
7.5531E-1	8.5291E-1	-1.6600E+2
7.5613E-1	8.5486E-1	3.4000E+1
7.5719E-1	8.5680E-1	-3.5700E+2
7.5813E-1	8.5704E-1	-6.7100E+2
7.5907E-1	8.6044E-1	-4.1100E+2
7.6002E-1	8.5899E-1	-1.0500E+3
7.6084E-1	8.5874E-1	-7.3300E+2
7.6190E-1	8.6142E-1	-7.4600E+2
7.6284E-1	8.6117E-1	-4.1800E+2
7.6378E-1	8.6555E-1	-5.4500E+2
7.6472E-1	8.6579E-1	-1.9500E+2
7.6555E-1	8.6676E-1	1.9000E+1
7.6660E-1	8.6555E-1	-4.1100E+2
7.6755E-1	8.6627E-1	-6.8900E+2
7.6849E-1	8.6919E-1	-6.3100E+2
7.6943E-1	8.7138E-1	-7.2000E+2
7.7037E-1	8.7186E-1	-7.1100E+2
7.7131E-1	8.7624E-1	-3.7700E+2
7.7225E-1	8.7551E-1	-9.6600E+2
7.7319E-1	8.7624E-1	-9.9400E+2
7.7413E-1	8.7599E-1	-1.0670E+3
7.7508E-1	8.7939E-1	-5.6400E+2
7.7590E-1	8.8085E-1	-4.8300E+2
7.7696E-1	8.8255E-1	-1.7600E+2
7.7790E-1	8.8255E-1	-1.2610E+3
7.7884E-1	8.8377E-1	-7.6400E+2
7.7978E-1	8.8668E-1	-8.1900E+2
7.8061E-1	8.8595E-1	-6.2500E+2
7.8166E-1	8.8935E-1	-4.8800E+2
7.8261E-1	8.9130E-1	-7.5900E+2
7.8355E-1	8.9105E-1	-4.1300E+2
7.8449E-1	8.9324E-1	-9.3300E+2
7.8531E-1	8.9397E-1	-7.0800E+2
7.8637E-1	8.9543E-1	-2.8200E+2
7.8731E-1	8.9737E-1	-6.1400E+2
7.8825E-1	8.9883E-1	-1.2720E+3
7.8919E-1	9.0077E-1	-5.9600E+2
7.9002E-1	8.9907E-1	-5.8500E+2
7.9108E-1	9.0320E-1	-2.9900E+2
7.9202E-1	9.0393E-1	-3.0000E+0
7.9296E-1	9.0563E-1	-9.6000E+2
7.9390E-1	9.0709E-1	-4.6000E+2
7.9472E-1	9.0879E-1	-7.7500E+2
7.9578E-1	9.1000E-1	-8.4300E+2
7.9672E-1	9.1000E-1	-6.1200E+2
7.9767E-1	9.1243E-1	-5.8900E+2
7.9861E-1	9.1316E-1	-6.8000E+2
7.9943E-1	9.1486E-1	-6.1300E+2
8.0037E-1	9.1535E-1	-1.1140E+3
8.0143E-1	9.1778E-1	-1.0110E+3
8.0237E-1	9.1875E-1	-5.8900E+2
8.0331E-1	9.1948E-1	-2.3100E+2
8.0414E-1	9.2093E-1	-8.0000E+2
8.0508E-1	9.2361E-1	-9.4300E+2
8.0614E-1	9.2264E-1	-1.1290E+3
8.0708E-1	9.2385E-1	-1.1320E+3
8.0802E-1	9.2555E-1	-1.1990E+3
8.0884E-1	9.2725E-1	-1.2510E+3
8.0978E-1	9.2919E-1	-4.0600E+2
8.1084E-1	9.2871E-1	-9.2800E+2
8.1178E-1	9.3017E-1	-1.5350E+3
8.1273E-1	9.3187E-1	-1.0500E+3
8.1355E-1	9.3235E-1	-1.0490E+3
8.1449E-1	9.3551E-1	-9.1100E+2
8.1555E-1	9.3430E-1	-8.1800E+2
8.1649E-1	9.3551E-1	-1.2300E+2
8.1743E-1	9.3721E-1	-6.0200E+2
8.1837E-1	9.3843E-1	-2.4800E+2
8.1920E-1	9.3867E-1	-8.5900E+2
8.2026E-1	9.3818E-1	-8.7800E+2
8.2120E-1	9.3915E-1	-5.7000E+2
8.2214E-1	9.4207E-1	7.0000E+1
8.2308E-1	9.4328E-1	-1.0240E+3
8.2390E-1	9.4353E-1	1.9000E+1
8.2484E-1	9.4401E-1	-6.7200E+2
8.2590E-1	9.4450E-1	-1.3670E+3
8.2684E-1	9.4523E-1	-9.1900E+2
8.2779E-1	9.4571E-1	-7.5700E+2
8.2861E-1	9.4571E-1	-7.4900E+2
8.2955E-1	9.4790E-1	-7.8600E+2
8.3061E-1	9.4717E-1	-7.6100E+2
8.3155E-1	9.4790E-1	-9.9900E+2
8.3249E-1	9.4887E-1	-7.5700E+2
8.3332E-1	9.5009E-1	-9.1300E+2
8.3426E-1	9.4863E-1	-6.3000E+2
8.3532E-1	9.5082E-1	-7.8600E+2
8.3626E-1	9.5130E-1	-8.8200E+2
8.3720E-1	9.5130E-1	-7.5000E+2
8.3802E-1	9.5154E-1	-4.5600E+2
8.3896E-1	9.5349E-1	-9.8900E+2
8.4002E-1	9.5446E-1	-1.1610E+3
8.4096E-1	9.5470E-1	-2.7200E+2
8.4190E-1	9.5567E-1	-3.7200E+2
8.4273E-1	9.5543E-1	-4.3100E+2
8.4367E-1	9.5616E-1	-2.9600E+2
8.4473E-1	9.5592E-1	-8.2000E+1
8.4567E-1	9.5640E-1	-2.8600E+2
8.4661E-1	9.5567E-1	-4.6000E+2
8.4743E-1	9.5689E-1	-4.2100E+2
8.4838E-1	9.5737E-1	-6.5300E+2
8.4932E-1	9.5786E-1	-4.1300E+2
8.5038E-1	9.5908E-1	-6.7400E+2
8.5132E-1	9.5883E-1	-4.7500E+2
8.5214E-1	9.5810E-1	-1.2240E+3
8.5308E-1	9.5810E-1	-8.4500E+2
8.5402E-1	9.5956E-1	-8.7900E+2
8.5508E-1	9.5956E-1	1.3800E+2
8.5602E-1	9.5859E-1	-8.3400E+2
8.5685E-1	9.6150E-1	-3.0400E+2
8.5779E-1	9.6005E-1	-9.7600E+2
8.5873E-1	9.5956E-1	-8.8900E+2
8.5979E-1	9.6199E-1	-4.8300E+2
8.6073E-1	9.6102E-1	-7.7300E+2
8.6155E-1	9.6126E-1	-6.5800E+2
8.6249E-1	9.6150E-1	-3.6400E+2
8.6344E-1	9.6175E-1	1.7700E+2
8.6449E-1	9.5956E-1	-7.4700E+2
8.6544E-1	9.6126E-1	-7.2800E+2
8.6638E-1	9.6126E-1	-3.8300E+2
8.6720E-1	9.6223E-1	-6.2500E+2
8.6814E-1	9.6199E-1	-4.8600E+2
8.6920E-1	9.6296E-1	-7.4300E+2
8.7014E-1	9.6248E-1	-4.8200E+2
8.7108E-1	9.6296E-1	-3.7700E+2
8.7191E-1	9.6272E-1	-4.9300E+2
8.7285E-1	9.6321E-1	-4.9300E+2
8.7379E-1	9.6199E-1	9.3000E+1
8.7485E-1	9.6296E-1	-1.0740E+3
8.7579E-1	9.6223E-1	-1.0430E+3
8.7661E-1	9.6321E-1	-3.2700E+2
8.7755E-1	9.6296E-1	-2.3000E+2
8.7850E-1	9.6223E-1	-2.1300E+2
8.7955E-1	9.6199E-1	-5.8600E+2
8.8050E-1	9.6296E-1	-4.8900E+2
8.8132E-1	9.6272E-1	-8.1200E+2
8.8226E-1	9.6345E-1	-4.9400E+2
8.8320E-1	9.6272E-1	-6.3100E+2
8.8426E-1	9.6272E-1	-7.2600E+2
8.8520E-1	9.6248E-1	-5.3900E+2
8.8603E-1	9.6272E-1	-4.3600E+2
8.8697E-1	9.6296E-1	-4.0200E+2
8.8791E-1	9.6175E-1	-5.8200E+2
8.8897E-1	9.6296E-1	-7.9900E+2
8.8991E-1	9.6199E-1	-2.9100E+2
8.9073E-1	9.6296E-1	-4.9800E+2
8.9167E-1	9.6418E-1	-6.1600E+2
8.9261E-1	9.6296E-1	7.0000E+0
8.9367E-1	9.6223E-1	-1.3000E+2
8.9461E-1	9.6393E-1	3.4000E+2
8.9544E-1	9.6296E-1	-8.0000E+0
8.9638E-1	9.6150E-1	-1.7800E+2
8.9732E-1	9.6345E-1	-2.6000E+2
8.9826E-1	9.6418E-1	-4.4400E+2
8.9932E-1	9.6442E-1	-4.2300E+2
9.0014E-1	9.6248E-1	-7.2000E+1
9.0109E-1	9.6199E-1	-1.8900E+2
9.0203E-1	9.6199E-1	-4.5800E+2
9.0297E-1	9.6321E-1	-6.9500E+2
9.0403E-1	9.6223E-1	-7.2100E+2
9.0485E-1	9.6199E-1	-2.6600E+2
9.0579E-1	9.6199E-1	-2.5700E+2
9.0673E-1	9.6272E-1	-5.0000E+2
9.0767E-1	9.6223E-1	-7.9000E+1
9.0873E-1	9.6296E-1	-3.9000E+1
9.0956E-1	9.6321E-1	-2.7300E+2
9.1050E-1	9.6175E-1	-5.7600E+2
9.1144E-1	9.6175E-1	-1.8100E+2
9.1238E-1	9.6369E-1	-8.7300E+2
9.1344E-1	9.6296E-1	-2.1100E+2
9.1438E-1	9.6175E-1	-7.7100E+2
9.1520E-1	9.6175E-1	-1.8000E+2
9.1615E-1	9.6321E-1	-3.1100E+2
9.1709E-1	9.6199E-1	-6.4500E+2
9.1815E-1	9.6321E-1	-5.1700E+2
9.1909E-1	9.6248E-1	3.9000E+1
9.1991E-1	9.6175E-1	-2.4500E+2
9.2085E-1	9.6199E-1	-5.7700E+2
9.2179E-1	9.6029E-1	-6.6100E+2
9.2273E-1	9.6175E-1	-7.4200E+2
9.2379E-1	9.6199E-1	-8.3500E+2
9.2462E-1	9.6175E-1	-1.1940E+3
9.2556E-1	9.6126E-1	-6.6100E+2
9.2650E-1	9.6126E-1	-9.1600E+2
9.2744E-1	9.6175E-1	-1.2100E+2
9.2850E-1	9.6102E-1	-1.0570E+3
9.2932E-1	9.6053E-1	-4.6700E+2
