Aux out [V]	Aux in [V]	PDH out [a.u.]
-5.1055E-1	9.3430E-1	-6.2900E+2
-5.0961E-1	9.3114E-1	-1.3410E+3
-5.0867E-1	9.3478E-1	-1.0120E+3
-5.0773E-1	9.3794E-1	-1.0660E+3
-5.0678E-1	9.3770E-1	-6.8100E+2
-5.0584E-1	9.4013E-1	-4.7300E+2
-5.0490E-1	9.4523E-1	-1.0290E+3
-5.0396E-1	9.4474E-1	-1.3170E+3
-5.0302E-1	9.4814E-1	-1.1340E+3
-5.0208E-1	9.5009E-1	-4.8200E+2
-5.0114E-1	9.5252E-1	-1.2970E+3
-5.0020E-1	9.5640E-1	-9.6700E+2
-4.9925E-1	9.5665E-1	-1.3470E+3
-4.9831E-1	9.5956E-1	-2.7800E+2
-4.9737E-1	9.6150E-1	-1.2100E+3
-4.9643E-1	9.6563E-1	-1.1000E+3
-4.9549E-1	9.6612E-1	-1.1520E+3
-4.9455E-1	9.6928E-1	-6.9200E+2
-4.9361E-1	9.7146E-1	-4.4900E+2
-4.9267E-1	9.7365E-1	-9.9000E+2
-4.9161E-1	9.7487E-1	-5.1700E+2
-4.9078E-1	9.7705E-1	-1.5500E+3
-4.8984E-1	9.7997E-1	-7.5600E+2
-4.8890E-1	9.8191E-1	-5.8400E+2
-4.8796E-1	9.8483E-1	-4.7500E+2
-4.8690E-1	9.8604E-1	-7.0600E+2
-4.8608E-1	9.8896E-1	-8.3800E+2
-4.8514E-1	9.8920E-1	-1.3320E+3
-4.8419E-1	9.9090E-1	-8.8300E+2
-4.8325E-1	9.9406E-1	-6.5500E+2
-4.8231E-1	9.9527E-1	-1.2520E+3
-4.8137E-1	9.9746E-1	-8.9500E+2
-4.8043E-1	9.9843E-1	-6.2800E+2
-4.7949E-1	1.0016E+0	-6.6100E+2
-4.7855E-1	1.0013E+0	-9.3500E+2
-4.7761E-1	1.0023E+0	-7.6900E+2
-4.7666E-1	1.0028E+0	-8.1100E+2
-4.7572E-1	1.0045E+0	-7.6000E+1
-4.7478E-1	1.0060E+0	-9.2300E+2
-4.7384E-1	1.0067E+0	-7.4800E+2
-4.7290E-1	1.0074E+0	-6.8400E+2
-4.7196E-1	1.0089E+0	-1.0300E+3
-4.7102E-1	1.0094E+0	-4.7900E+2
-4.7008E-1	1.0079E+0	-4.4700E+2
-4.6913E-1	1.0091E+0	-4.4300E+2
-4.6819E-1	1.0115E+0	-1.3130E+3
-4.6725E-1	1.0113E+0	-6.6500E+2
-4.6631E-1	1.0130E+0	-4.2400E+2
-4.6537E-1	1.0128E+0	-1.0900E+2
-4.6443E-1	1.0108E+0	-4.3100E+2
-4.6349E-1	1.0130E+0	-2.0500E+2
-4.6255E-1	1.0128E+0	-7.6000E+2
-4.6160E-1	1.0125E+0	-2.4000E+2
-4.6066E-1	1.0113E+0	3.3000E+1
-4.5972E-1	1.0115E+0	-6.0700E+2
-4.5878E-1	1.0113E+0	-6.3900E+2
-4.5796E-1	1.0113E+0	-8.7600E+2
-4.5690E-1	1.0120E+0	-3.6700E+2
-4.5596E-1	1.0089E+0	-2.1300E+2
-4.5502E-1	1.0101E+0	-4.6700E+2
-4.5407E-1	1.0089E+0	-2.8700E+2
-4.5325E-1	1.0101E+0	-3.6100E+2
-4.5219E-1	1.0069E+0	-5.3300E+2
-4.5125E-1	1.0052E+0	-2.8000E+2
-4.5031E-1	1.0047E+0	-6.6000E+1
-4.4937E-1	1.0033E+0	3.2800E+2
-4.4843E-1	1.0016E+0	2.0000E+1
-4.4749E-1	1.0009E+0	-7.7000E+1
-4.4654E-1	9.9965E-1	2.5100E+2
-4.4560E-1	9.9722E-1	9.5000E+1
-4.4466E-1	9.9576E-1	-1.7500E+2
-4.4372E-1	9.9381E-1	1.2100E+2
-4.4278E-1	9.9260E-1	-1.0200E+2
-4.4184E-1	9.9066E-1	9.3000E+1
-4.4090E-1	9.8750E-1	-2.1600E+2
-4.3996E-1	9.8410E-1	4.7900E+2
-4.3901E-1	9.8337E-1	-5.6000E+1
-4.3807E-1	9.8070E-1	5.5600E+2
-4.3713E-1	9.7875E-1	1.2000E+2
-4.3619E-1	9.7584E-1	7.3200E+2
-4.3525E-1	9.7244E-1	2.5800E+2
-4.3431E-1	9.7122E-1	6.8400E+2
-4.3349E-1	9.6685E-1	2.1100E+2
-4.3243E-1	9.6491E-1	-9.8000E+1
-4.3148E-1	9.6150E-1	1.8000E+2
-4.3054E-1	9.5786E-1	7.8000E+1
-4.2960E-1	9.5470E-1	3.9800E+2
-4.2878E-1	9.5082E-1	4.1400E+2
-4.2772E-1	9.4693E-1	1.5800E+2
-4.2678E-1	9.4280E-1	7.3500E+2
-4.2584E-1	9.3891E-1	-1.7800E+2
-4.2490E-1	9.3551E-1	4.7600E+2
-4.2407E-1	9.3065E-1	7.2100E+2
-4.2301E-1	9.2798E-1	4.3100E+2
-4.2207E-1	9.2409E-1	9.5400E+2
-4.2113E-1	9.1996E-1	7.8800E+2
-4.2019E-1	9.1389E-1	-8.0000E+0
-4.1937E-1	9.0903E-1	4.3500E+2
-4.1831E-1	9.0417E-1	3.4000E+1
-4.1737E-1	9.0053E-1	1.2300E+2
-4.1642E-1	8.9397E-1	5.4400E+2
-4.1548E-1	8.9081E-1	4.5900E+2
-4.1466E-1	8.8498E-1	4.9200E+2
-4.1360E-1	8.7842E-1	8.3300E+2
-4.1266E-1	8.7599E-1	5.4500E+2
-4.1172E-1	8.6846E-1	7.7000E+2
-4.1078E-1	8.6506E-1	5.3800E+2
-4.0995E-1	8.5899E-1	5.8600E+2
-4.0901E-1	8.5413E-1	1.1190E+3
-4.0795E-1	8.4927E-1	7.9300E+2
-4.0701E-1	8.4271E-1	3.6000E+1
-4.0607E-1	8.3542E-1	7.4800E+2
-4.0525E-1	8.2886E-1	1.0100E+3
-4.0431E-1	8.2449E-1	1.0010E+3
-4.0325E-1	8.1623E-1	9.4800E+2
-4.0231E-1	8.1089E-1	1.1620E+3
-4.0137E-1	8.0554E-1	8.5300E+2
-4.0042E-1	7.9801E-1	1.4460E+3
-3.9960E-1	7.8951E-1	3.8200E+2
-3.9854E-1	7.8343E-1	9.6400E+2
-3.9760E-1	7.8028E-1	6.2100E+2
-3.9666E-1	7.7032E-1	6.1000E+2
-3.9572E-1	7.6546E-1	1.4830E+3
-3.9489E-1	7.5914E-1	1.5500E+2
-3.9384E-1	7.5137E-1	1.2010E+3
-3.9289E-1	7.4408E-1	1.2200E+3
-3.9195E-1	7.3679E-1	7.8400E+2
-3.9101E-1	7.2902E-1	1.0560E+3
-3.9019E-1	7.2149E-1	9.3100E+2
-3.8913E-1	7.1590E-1	1.3190E+3
-3.8819E-1	7.0861E-1	1.3180E+3
-3.8725E-1	7.0254E-1	7.5700E+2
-3.8631E-1	6.9476E-1	6.1700E+2
-3.8548E-1	6.8748E-1	1.3350E+3
-3.8454E-1	6.8140E-1	9.6500E+2
-3.8348E-1	6.7266E-1	4.2500E+2
-3.8254E-1	6.6780E-1	6.6800E+2
-3.8160E-1	6.5954E-1	8.7900E+2
-3.8078E-1	6.5371E-1	7.3800E+2
-3.7983E-1	6.4593E-1	9.4500E+2
-3.7878E-1	6.3865E-1	6.8400E+2
-3.7783E-1	6.3427E-1	3.5000E+2
-3.7689E-1	6.2431E-1	1.1540E+3
-3.7607E-1	6.1824E-1	5.8800E+2
-3.7513E-1	6.1241E-1	1.5540E+3
-3.7407E-1	6.0561E-1	1.1670E+3
-3.7313E-1	5.9929E-1	1.0000E+3
-3.7219E-1	5.9200E-1	6.6900E+2
-3.7136E-1	5.8472E-1	5.8300E+2
-3.7042E-1	5.7816E-1	6.5700E+2
-3.6936E-1	5.7403E-1	1.9900E+2
-3.6842E-1	5.6601E-1	5.0000E+0
-3.6748E-1	5.5994E-1	1.0600E+3
-3.6666E-1	5.5629E-1	8.4600E+2
-3.6572E-1	5.4803E-1	4.2000E+2
-3.6466E-1	5.4196E-1	1.1200E+3
-3.6372E-1	5.3686E-1	6.6200E+2
-3.6277E-1	5.2957E-1	5.3700E+2
-3.6195E-1	5.2447E-1	1.0020E+3
-3.6101E-1	5.1791E-1	6.8600E+2
-3.6007E-1	5.1232E-1	2.4100E+2
-3.5901E-1	5.0746E-1	2.9100E+2
-3.5807E-1	5.0333E-1	7.3200E+2
-3.5724E-1	4.9677E-1	5.6500E+2
-3.5630E-1	4.9264E-1	2.8800E+2
-3.5536E-1	4.8779E-1	6.2300E+2
-3.5430E-1	4.8341E-1	7.9300E+2
-3.5336E-1	4.7758E-1	5.7400E+2
-3.5242E-1	4.7199E-1	5.9500E+2
-3.5160E-1	4.6908E-1	3.4100E+2
-3.5066E-1	4.6592E-1	3.4500E+2
-3.4960E-1	4.5863E-1	7.1400E+2
-3.4866E-1	4.5718E-1	3.2400E+2
-3.4771E-1	4.5135E-1	9.0400E+2
-3.4689E-1	4.4964E-1	6.3900E+2
-3.4595E-1	4.4479E-1	7.4200E+2
-3.4489E-1	4.4260E-1	6.1800E+2
-3.4395E-1	4.3798E-1	5.3500E+2
-3.4301E-1	4.3434E-1	7.5300E+2
-3.4218E-1	4.3045E-1	-7.3000E+1
-3.4124E-1	4.2972E-1	3.4600E+2
-3.4018E-1	4.2389E-1	3.6000E+1
-3.3924E-1	4.2268E-1	-1.9800E+2
-3.3830E-1	4.2074E-1	3.2900E+2
-3.3748E-1	4.1855E-1	-2.8900E+2
-3.3654E-1	4.1685E-1	-1.5000E+1
-3.3560E-1	4.1272E-1	4.0900E+2
-3.3454E-1	4.1126E-1	-7.5700E+2
-3.3360E-1	4.0737E-1	2.7600E+2
-3.3277E-1	4.0786E-1	-2.8400E+2
-3.3183E-1	4.0495E-1	-5.4000E+2
-3.3089E-1	4.0495E-1	3.3400E+2
-3.2983E-1	4.0495E-1	-1.8100E+2
-3.2889E-1	4.0373E-1	-4.4700E+2
-3.2807E-1	4.0203E-1	2.4000E+1
-3.2712E-1	3.9911E-1	3.4800E+2
-3.2618E-1	3.9936E-1	-1.0540E+3
-3.2512E-1	3.9693E-1	-6.5100E+2
-3.2418E-1	3.9620E-1	-1.7300E+2
-3.2336E-1	3.9887E-1	-6.2400E+2
-3.2242E-1	3.9790E-1	-2.1600E+2
-3.2148E-1	3.9669E-1	-9.3000E+1
-3.2042E-1	3.9571E-1	2.6500E+2
-3.1948E-1	3.9741E-1	-3.7600E+2
-3.1865E-1	3.9766E-1	2.0400E+2
-3.1771E-1	3.9960E-1	-9.9000E+1
-3.1677E-1	4.0106E-1	3.8900E+2
-3.1571E-1	3.9911E-1	-4.9900E+2
-3.1477E-1	4.0227E-1	-1.3700E+2
-3.1395E-1	4.0203E-1	-1.8600E+2
-3.1301E-1	4.0349E-1	-4.2700E+2
-3.1206E-1	4.0640E-1	-1.5900E+2
-3.1112E-1	4.0567E-1	-5.1600E+2
-3.1006E-1	4.0859E-1	-7.9300E+2
-3.0924E-1	4.1053E-1	-7.3900E+2
-3.0830E-1	4.1248E-1	-3.7100E+2
-3.0736E-1	4.1563E-1	-5.0600E+2
-3.0642E-1	4.1904E-1	-8.2100E+2
-3.0536E-1	4.2195E-1	-9.6600E+2
-3.0442E-1	4.2244E-1	-8.1600E+2
-3.0359E-1	4.2535E-1	-3.8500E+2
-3.0265E-1	4.2972E-1	-6.9000E+2
-3.0171E-1	4.3191E-1	-7.5200E+2
-3.0065E-1	4.3555E-1	-7.8800E+2
-2.9971E-1	4.3823E-1	-4.6400E+2
-2.9889E-1	4.4041E-1	-1.0060E+3
-2.9795E-1	4.4552E-1	-8.6100E+2
-2.9700E-1	4.4892E-1	-3.3800E+2
-2.9595E-1	4.5280E-1	-1.4190E+3
-2.9500E-1	4.5620E-1	-3.6000E+1
-2.9418E-1	4.6082E-1	-1.1260E+3
-2.9324E-1	4.6544E-1	-8.4600E+2
-2.9230E-1	4.7054E-1	-1.6910E+3
-2.9124E-1	4.7564E-1	-1.1620E+3
-2.9030E-1	4.7758E-1	-7.7500E+2
-2.8947E-1	4.8317E-1	-1.1190E+3
-2.8853E-1	4.8924E-1	-9.8100E+2
-2.8759E-1	4.9434E-1	-8.2100E+2
-2.8665E-1	4.9920E-1	-1.5070E+3
-2.8559E-1	5.0576E-1	-1.2450E+3
-2.8477E-1	5.1062E-1	-9.9200E+2
-2.8383E-1	5.1621E-1	-1.1860E+3
-2.8289E-1	5.2107E-1	-1.3420E+3
-2.8194E-1	5.2836E-1	-1.1380E+3
-2.8089E-1	5.3370E-1	-1.0300E+3
-2.8006E-1	5.4002E-1	-1.3350E+3
-2.7912E-1	5.4512E-1	-1.1270E+3
-2.7818E-1	5.5119E-1	-1.4600E+3
-2.7724E-1	5.5775E-1	-1.2370E+3
-2.7618E-1	5.6480E-1	-1.1150E+3
-2.7536E-1	5.7281E-1	-1.1750E+3
-2.7441E-1	5.7767E-1	-2.0010E+3
-2.7347E-1	5.8472E-1	-8.4100E+2
-2.7253E-1	5.9298E-1	-1.1780E+3
-2.7147E-1	6.0051E-1	-1.4620E+3
-2.7065E-1	6.0804E-1	-1.5250E+3
-2.6971E-1	6.1460E-1	-1.1530E+3
-2.6877E-1	6.2140E-1	-2.0990E+3
-2.6783E-1	6.3063E-1	-1.5690E+3
-2.6677E-1	6.3792E-1	-1.6110E+3
-2.6594E-1	6.4375E-1	-1.8690E+3
-2.6500E-1	6.5055E-1	-1.3430E+3
-2.6406E-1	6.5565E-1	-1.4050E+3
-2.6312E-1	6.6367E-1	-1.3240E+3
-2.6218E-1	6.7241E-1	-1.5120E+3
-2.6124E-1	6.7897E-1	-1.5310E+3
-2.6030E-1	6.8650E-1	-1.5830E+3
-2.5935E-1	6.9452E-1	-1.1710E+3
-2.5841E-1	6.9938E-1	-1.9110E+3
-2.5747E-1	7.0667E-1	-1.7680E+3
-2.5653E-1	7.1614E-1	-1.5240E+3
-2.5559E-1	7.2294E-1	-1.8840E+3
-2.5465E-1	7.2805E-1	-1.5840E+3
-2.5371E-1	7.3606E-1	-1.7500E+3
-2.5277E-1	7.4311E-1	-1.5440E+3
-2.5182E-1	7.5185E-1	-1.5270E+3
-2.5088E-1	7.5817E-1	-1.4320E+3
-2.4994E-1	7.6643E-1	-7.6000E+2
-2.4900E-1	7.7250E-1	-2.0800E+3
-2.4806E-1	7.7906E-1	-1.5440E+3
-2.4712E-1	7.8732E-1	-1.2750E+3
-2.4618E-1	7.9315E-1	-1.5140E+3
-2.4524E-1	7.9850E-1	-1.0610E+3
-2.4429E-1	8.0676E-1	-1.8090E+3
-2.4335E-1	8.1259E-1	-1.3170E+3
-2.4241E-1	8.2133E-1	-1.7620E+3
-2.4147E-1	8.2838E-1	-1.5560E+3
-2.4053E-1	8.3348E-1	-1.7010E+3
-2.3959E-1	8.3785E-1	-1.4430E+3
-2.3865E-1	8.4660E-1	-1.3620E+3
-2.3782E-1	8.5340E-1	-1.1590E+3
-2.3676E-1	8.5899E-1	-7.3900E+2
-2.3582E-1	8.6312E-1	-1.7820E+3
-2.3488E-1	8.6943E-1	-1.5990E+3
-2.3394E-1	8.7575E-1	-1.0390E+3
-2.3300E-1	8.8231E-1	-1.2870E+3
-2.3206E-1	8.8741E-1	-1.2100E+3
-2.3112E-1	8.9130E-1	-1.5370E+3
-2.3018E-1	8.9664E-1	-6.0300E+2
-2.2923E-1	9.0199E-1	-1.4630E+3
-2.2829E-1	9.0757E-1	-1.6930E+3
-2.2735E-1	9.1073E-1	-1.0140E+3
-2.2641E-1	9.1826E-1	-1.3420E+3
-2.2547E-1	9.2191E-1	-8.4700E+2
-2.2453E-1	9.2774E-1	-1.3790E+3
-2.2359E-1	9.3138E-1	-1.7120E+3
-2.2265E-1	9.3551E-1	-1.6590E+3
-2.2170E-1	9.4037E-1	-1.2700E+3
-2.2076E-1	9.4328E-1	-8.7300E+2
-2.1982E-1	9.4887E-1	-1.0850E+3
-2.1888E-1	9.5227E-1	-9.9200E+2
-2.1794E-1	9.5495E-1	-1.4240E+3
-2.1700E-1	9.6053E-1	-9.8500E+2
-2.1606E-1	9.6223E-1	-1.1280E+3
-2.1512E-1	9.6855E-1	-1.0360E+3
-2.1417E-1	9.7098E-1	-1.0810E+3
-2.1335E-1	9.7487E-1	-1.2060E+3
-2.1229E-1	9.7802E-1	-1.2240E+3
-2.1135E-1	9.8118E-1	-9.6600E+2
-2.1041E-1	9.8483E-1	-8.1600E+2
-2.0947E-1	9.8847E-1	-1.3120E+3
-2.0864E-1	9.9187E-1	-9.2600E+2
-2.0759E-1	9.9381E-1	-6.3500E+2
-2.0664E-1	9.9527E-1	-5.4500E+2
-2.0570E-1	9.9722E-1	-5.0600E+2
-2.0476E-1	1.0011E+0	-3.3800E+2
-2.0394E-1	1.0035E+0	-1.1030E+3
-2.0288E-1	1.0057E+0	-6.8200E+2
-2.0194E-1	1.0086E+0	-8.2300E+2
-2.0100E-1	1.0106E+0	-9.3900E+2
-2.0006E-1	1.0108E+0	-6.3100E+2
-1.9923E-1	1.0130E+0	-4.5300E+2
-1.9817E-1	1.0164E+0	-6.6300E+2
-1.9723E-1	1.0174E+0	-7.4700E+2
-1.9629E-1	1.0208E+0	-9.5600E+2
-1.9535E-1	1.0227E+0	-8.7600E+2
-1.9453E-1	1.0235E+0	-4.1600E+2
-1.9347E-1	1.0242E+0	-4.0800E+2
-1.9253E-1	1.0249E+0	-9.7400E+2
-1.9158E-1	1.0259E+0	-5.4600E+2
-1.9064E-1	1.0286E+0	-4.8000E+2
-1.8982E-1	1.0298E+0	-8.3300E+2
-1.8888E-1	1.0310E+0	-2.5300E+2
-1.8782E-1	1.0324E+0	-7.0200E+2
-1.8688E-1	1.0337E+0	-8.5800E+2
-1.8594E-1	1.0337E+0	-1.1650E+3
-1.8500E-1	1.0332E+0	-3.3900E+2
-1.8417E-1	1.0358E+0	-1.1380E+3
-1.8311E-1	1.0375E+0	-6.3400E+2
-1.8217E-1	1.0363E+0	-6.2700E+2
-1.8123E-1	1.0375E+0	-4.9300E+2
-1.8029E-1	1.0383E+0	-5.4000E+2
-1.7947E-1	1.0397E+0	-6.8500E+2
-1.7841E-1	1.0422E+0	-7.2400E+2
-1.7747E-1	1.0409E+0	-9.3800E+2
-1.7652E-1	1.0412E+0	-9.3500E+2
-1.7558E-1	1.0426E+0	-6.6800E+2
-1.7476E-1	1.0422E+0	-2.5900E+2
-1.7370E-1	1.0434E+0	-6.2800E+2
-1.7276E-1	1.0439E+0	-8.8900E+2
-1.7182E-1	1.0456E+0	5.5500E+2
-1.7088E-1	1.0451E+0	-7.6100E+2
-1.7005E-1	1.0458E+0	-1.1460E+3
-1.6899E-1	1.0456E+0	-4.3300E+2
-1.6805E-1	1.0446E+0	-1.3500E+2
-1.6711E-1	1.0468E+0	-9.3300E+2
-1.6617E-1	1.0475E+0	-5.1500E+2
-1.6535E-1	1.0470E+0	-9.8300E+2
-1.6441E-1	1.0468E+0	-8.5100E+2
-1.6335E-1	1.0473E+0	-3.0800E+2
-1.6241E-1	1.0482E+0	-1.7200E+2
-1.6146E-1	1.0480E+0	-6.8900E+2
-1.6064E-1	1.0480E+0	-6.5400E+2
-1.5970E-1	1.0477E+0	-8.9800E+2
-1.5864E-1	1.0497E+0	-8.1300E+2
-1.5770E-1	1.0492E+0	-7.5800E+2
-1.5676E-1	1.0482E+0	-8.2800E+2
-1.5593E-1	1.0487E+0	-1.0010E+3
-1.5499E-1	1.0482E+0	-6.8100E+2
-1.5393E-1	1.0504E+0	-2.6300E+2
-1.5299E-1	1.0492E+0	-4.9000E+2
-1.5205E-1	1.0492E+0	-6.5400E+2
-1.5123E-1	1.0497E+0	-6.5600E+2
-1.5029E-1	1.0499E+0	-3.2500E+2
-1.4923E-1	1.0499E+0	-7.2700E+2
-1.4829E-1	1.0490E+0	-9.6200E+2
-1.4735E-1	1.0504E+0	-1.0690E+3
-1.4652E-1	1.0485E+0	-3.7400E+2
-1.4558E-1	1.0490E+0	-1.1690E+3
-1.4452E-1	1.0494E+0	-7.2600E+2
-1.4358E-1	1.0485E+0	-4.8900E+2
-1.4264E-1	1.0509E+0	-5.3300E+2
-1.4182E-1	1.0490E+0	-7.2200E+2
-1.4087E-1	1.0497E+0	-3.5700E+2
-1.3993E-1	1.0487E+0	-7.7200E+2
-1.3887E-1	1.0504E+0	-7.7500E+2
-1.3793E-1	1.0494E+0	-3.9000E+2
-1.3699E-1	1.0502E+0	-1.0010E+3
-1.3617E-1	1.0502E+0	-4.5500E+2
-1.3523E-1	1.0499E+0	-6.5500E+2
-1.3417E-1	1.0477E+0	-6.5700E+2
-1.3323E-1	1.0499E+0	-5.7200E+2
-1.3229E-1	1.0494E+0	-6.2800E+2
-1.3146E-1	1.0492E+0	-1.0130E+3
-1.3052E-1	1.0494E+0	-8.9400E+2
-1.2946E-1	1.0502E+0	-3.3000E+2
-1.2852E-1	1.0490E+0	-3.4900E+2
-1.2758E-1	1.0487E+0	-4.9700E+2
-1.2676E-1	1.0511E+0	-3.7000E+2
-1.2581E-1	1.0485E+0	-4.9700E+2
-1.2476E-1	1.0482E+0	-6.2000E+2
-1.2381E-1	1.0502E+0	-1.1610E+3
-1.2287E-1	1.0480E+0	-2.8600E+2
-1.2205E-1	1.0509E+0	-1.0280E+3
-1.2111E-1	1.0492E+0	-8.0800E+2
-1.2005E-1	1.0492E+0	-4.1200E+2
-1.1911E-1	1.0497E+0	-8.7400E+2
-1.1817E-1	1.0487E+0	4.3000E+1
-1.1734E-1	1.0494E+0	-3.0400E+2
-1.1640E-1	1.0480E+0	-8.0600E+2
-1.1546E-1	1.0494E+0	-7.7300E+2
-1.1440E-1	1.0497E+0	-1.9600E+2
-1.1346E-1	1.0485E+0	-7.5800E+2
-1.1264E-1	1.0475E+0	-5.2700E+2
-1.1170E-1	1.0475E+0	-2.4100E+2
-1.1076E-1	1.0475E+0	-7.6600E+2
-1.0970E-1	1.0504E+0	4.9000E+1
-1.0875E-1	1.0475E+0	-3.4600E+2
-1.0793E-1	1.0487E+0	1.3800E+2
-1.0699E-1	1.0477E+0	7.7000E+1
-1.0605E-1	1.0485E+0	-5.8300E+2
-1.0499E-1	1.0475E+0	-6.8500E+2
-1.0405E-1	1.0475E+0	-6.3800E+2
-1.0323E-1	1.0456E+0	-5.6100E+2
-1.0228E-1	1.0485E+0	-2.4200E+2
-1.0134E-1	1.0485E+0	-4.3900E+2
-1.0028E-1	1.0473E+0	-5.6700E+2
-9.9342E-2	1.0482E+0	-1.0380E+3
-9.8519E-2	1.0473E+0	-3.0000E+2
-9.7578E-2	1.0463E+0	-5.8000E+2
-9.6636E-2	1.0473E+0	-6.6100E+2
-9.5577E-2	1.0465E+0	-3.0100E+2
-9.4636E-2	1.0473E+0	-4.8800E+2
-9.3813E-2	1.0477E+0	-2.0400E+2
-9.2871E-2	1.0458E+0	-7.6800E+2
-9.1930E-2	1.0463E+0	6.7000E+1
-9.0989E-2	1.0473E+0	-1.5600E+2
-8.9930E-2	1.0487E+0	-6.6500E+2
-8.8989E-2	1.0465E+0	-5.9800E+2
-8.8165E-2	1.0475E+0	-4.6800E+2
-8.7224E-2	1.0482E+0	-9.3400E+2
-8.6283E-2	1.0456E+0	-9.4100E+2
-8.5224E-2	1.0480E+0	-6.1600E+2
-8.4282E-2	1.0463E+0	-1.0580E+3
-8.3459E-2	1.0473E+0	2.1700E+2
-8.2518E-2	1.0468E+0	-4.2900E+2
-8.1576E-2	1.0463E+0	-2.4000E+2
-8.0517E-2	1.0470E+0	-4.0200E+2
-7.9576E-2	1.0468E+0	-6.3100E+2
-7.8753E-2	1.0458E+0	-6.5900E+2
-7.7811E-2	1.0451E+0	-8.4400E+2
-7.6870E-2	1.0453E+0	1.0000E+0
-7.5811E-2	1.0453E+0	-7.5200E+2
-7.4870E-2	1.0463E+0	-1.0000E+0
-7.4046E-2	1.0443E+0	-6.5800E+2
-7.3105E-2	1.0458E+0	-1.7100E+2
-7.2164E-2	1.0453E+0	-4.3800E+2
-7.1105E-2	1.0456E+0	7.9000E+1
-7.0164E-2	1.0456E+0	-6.7800E+2
-6.9340E-2	1.0458E+0	-4.6400E+2
-6.8399E-2	1.0468E+0	-6.4300E+2
-6.7458E-2	1.0446E+0	-4.3400E+2
-6.6516E-2	1.0446E+0	-6.4000E+1
-6.5458E-2	1.0439E+0	-1.0430E+3
-6.4634E-2	1.0451E+0	-9.4100E+2
-6.3693E-2	1.0463E+0	-1.1540E+3
-6.2751E-2	1.0458E+0	-7.6800E+2
-6.1810E-2	1.0446E+0	-6.0100E+2
-6.0751E-2	1.0439E+0	-8.2100E+2
-5.9928E-2	1.0443E+0	-6.0000E+2
-5.8986E-2	1.0458E+0	-2.9200E+2
-5.8045E-2	1.0439E+0	-2.0100E+2
-5.7104E-2	1.0439E+0	-5.8500E+2
-5.6045E-2	1.0453E+0	-3.9300E+2
-5.5221E-2	1.0448E+0	-4.0700E+2
-5.4280E-2	1.0446E+0	1.0000E+1
-5.3339E-2	1.0436E+0	-1.1040E+3
-5.2398E-2	1.0434E+0	-7.7200E+2
-5.1339E-2	1.0443E+0	-3.6500E+2
-5.0515E-2	1.0441E+0	-9.0100E+2
-4.9574E-2	1.0431E+0	-3.2800E+2
-4.8633E-2	1.0426E+0	2.2000E+1
-4.7691E-2	1.0446E+0	-5.2100E+2
-4.6633E-2	1.0439E+0	-4.4400E+2
-4.5809E-2	1.0441E+0	-4.1400E+2
-4.4868E-2	1.0443E+0	-4.7800E+2
-4.3927E-2	1.0431E+0	-1.7400E+2
-4.2985E-2	1.0434E+0	-5.3800E+2
-4.2044E-2	1.0422E+0	-8.8000E+2
-4.0985E-2	1.0431E+0	-5.1100E+2
-4.0162E-2	1.0426E+0	-5.9400E+2
-3.9220E-2	1.0417E+0	-5.8300E+2
-3.8279E-2	1.0434E+0	-1.1100E+2
-3.7338E-2	1.0417E+0	-1.2210E+3
-3.6279E-2	1.0429E+0	-9.7900E+2
-3.5455E-2	1.0439E+0	-3.7900E+2
-3.4514E-2	1.0431E+0	5.2000E+1
-3.3573E-2	1.0429E+0	-6.2000E+2
-3.2632E-2	1.0429E+0	-3.3500E+2
-3.1573E-2	1.0414E+0	-6.2700E+2
-3.0749E-2	1.0409E+0	-6.5400E+2
-2.9808E-2	1.0419E+0	-1.2300E+2
-2.8867E-2	1.0424E+0	-5.9800E+2
-2.7925E-2	1.0426E+0	1.5000E+2
-2.6866E-2	1.0431E+0	2.4900E+2
-2.6043E-2	1.0424E+0	-3.9700E+2
-2.5102E-2	1.0426E+0	-6.1500E+2
-2.4160E-2	1.0424E+0	1.5200E+2
-2.3219E-2	1.0429E+0	-1.9300E+2
-2.2160E-2	1.0417E+0	-7.2700E+2
-2.1337E-2	1.0429E+0	-5.5100E+2
-2.0395E-2	1.0409E+0	-7.0700E+2
-1.9454E-2	1.0407E+0	1.2400E+2
-1.8513E-2	1.0419E+0	-2.4900E+2
-1.7572E-2	1.0417E+0	-7.9400E+2
-1.6630E-2	1.0422E+0	-7.0900E+2
-1.5689E-2	1.0419E+0	-1.0670E+3
-1.4748E-2	1.0400E+0	-7.0300E+2
-1.3807E-2	1.0414E+0	1.1600E+2
-1.2865E-2	1.0412E+0	-8.3700E+2
-1.1924E-2	1.0419E+0	4.0000E+0
-1.0983E-2	1.0405E+0	-2.2600E+2
-1.0042E-2	1.0400E+0	-7.8800E+2
-9.1004E-3	1.0395E+0	-2.2000E+2
-8.1591E-3	1.0405E+0	-2.5000E+2
-7.2179E-3	1.0405E+0	-5.9000E+2
-6.2766E-3	1.0402E+0	-6.9200E+2
-5.3354E-3	1.0407E+0	6.5000E+1
-4.3941E-3	1.0385E+0	-8.2400E+2
-3.4529E-3	1.0409E+0	-5.5300E+2
-2.5116E-3	1.0400E+0	-3.1700E+2
-1.5704E-3	1.0383E+0	-5.6200E+2
-6.2915E-4	1.0383E+0	-7.7600E+2
3.1209E-4	1.0405E+0	-1.2580E+3
1.2533E-3	1.0395E+0	-2.8800E+2
2.1946E-3	1.0383E+0	-1.6600E+2
3.1358E-3	1.0390E+0	-8.9000E+2
4.0771E-3	1.0400E+0	-6.7200E+2
5.0183E-3	1.0395E+0	-7.6600E+2
5.9596E-3	1.0392E+0	-2.8900E+2
6.9008E-3	1.0392E+0	-1.0480E+3
7.8421E-3	1.0397E+0	-8.2400E+2
8.7833E-3	1.0385E+0	-6.8300E+2
9.7246E-3	1.0388E+0	-5.1700E+2
1.0666E-2	1.0405E+0	-7.4700E+2
1.1607E-2	1.0402E+0	-8.0800E+2
1.2548E-2	1.0395E+0	-4.3100E+2
1.3490E-2	1.0392E+0	-6.6000E+1
1.4431E-2	1.0390E+0	-9.0600E+2
1.5372E-2	1.0385E+0	-6.3900E+2
1.6313E-2	1.0375E+0	-4.5400E+2
1.7255E-2	1.0363E+0	-2.3600E+2
1.8196E-2	1.0375E+0	-2.7600E+2
1.9137E-2	1.0397E+0	-9.0700E+2
2.0078E-2	1.0390E+0	-7.3800E+2
2.1020E-2	1.0375E+0	-8.7000E+2
2.1961E-2	1.0392E+0	-4.3100E+2
2.2902E-2	1.0388E+0	-5.0900E+2
2.3843E-2	1.0388E+0	-9.0000E+2
2.4785E-2	1.0405E+0	-7.9900E+2
2.5726E-2	1.0380E+0	-1.1560E+3
2.6667E-2	1.0378E+0	-5.9000E+2
2.7608E-2	1.0383E+0	-5.6100E+2
2.8550E-2	1.0368E+0	-7.4700E+2
2.9491E-2	1.0380E+0	-2.3300E+2
3.0432E-2	1.0385E+0	-3.4600E+2
3.1256E-2	1.0378E+0	-3.2800E+2
3.2314E-2	1.0363E+0	1.3500E+2
3.3256E-2	1.0388E+0	-4.8200E+2
3.4197E-2	1.0380E+0	-6.2000E+2
3.5138E-2	1.0378E+0	-8.3100E+2
3.5962E-2	1.0373E+0	-5.2100E+2
3.7021E-2	1.0375E+0	-4.3200E+2
3.7962E-2	1.0366E+0	-2.9200E+2
3.8903E-2	1.0358E+0	-6.1600E+2
3.9844E-2	1.0371E+0	-6.6600E+2
4.0668E-2	1.0356E+0	-6.7100E+2
4.1727E-2	1.0373E+0	-3.8100E+2
4.2668E-2	1.0366E+0	-2.8000E+2
4.3609E-2	1.0358E+0	-1.7800E+2
4.4551E-2	1.0358E+0	-7.1000E+1
4.5374E-2	1.0373E+0	-3.4400E+2
4.6433E-2	1.0356E+0	-2.1300E+2
4.7374E-2	1.0361E+0	-6.1600E+2
4.8316E-2	1.0361E+0	-1.6300E+2
4.9257E-2	1.0371E+0	-6.9500E+2
5.0198E-2	1.0373E+0	-4.1400E+2
5.1139E-2	1.0366E+0	-8.1000E+2
5.2081E-2	1.0356E+0	-4.7500E+2
5.3022E-2	1.0356E+0	-2.8100E+2
5.3963E-2	1.0358E+0	-6.5200E+2
5.4904E-2	1.0337E+0	-7.8100E+2
5.5728E-2	1.0358E+0	-7.4100E+2
5.6787E-2	1.0371E+0	-3.5300E+2
5.7728E-2	1.0358E+0	-3.6100E+2
5.8669E-2	1.0346E+0	-6.6100E+2
5.9611E-2	1.0349E+0	-7.6300E+2
6.0434E-2	1.0332E+0	-1.0350E+3
6.1493E-2	1.0344E+0	-7.2300E+2
6.2434E-2	1.0337E+0	-5.2200E+2
6.3376E-2	1.0361E+0	-2.9000E+1
6.4317E-2	1.0351E+0	-4.4100E+2
6.5140E-2	1.0337E+0	-1.0480E+3
6.6199E-2	1.0337E+0	-4.6100E+2
6.7141E-2	1.0334E+0	-1.6100E+2
6.8082E-2	1.0329E+0	-6.4800E+2
6.9023E-2	1.0351E+0	-8.0000E+1
6.9847E-2	1.0346E+0	-7.1100E+2
7.0906E-2	1.0339E+0	-7.0400E+2
7.1847E-2	1.0320E+0	-2.6900E+2
7.2788E-2	1.0339E+0	-3.6600E+2
7.3729E-2	1.0349E+0	-5.6400E+2
7.4553E-2	1.0332E+0	-9.0400E+2
7.5612E-2	1.0334E+0	-1.8100E+2
7.6553E-2	1.0334E+0	-1.3100E+2
7.7494E-2	1.0344E+0	1.9500E+2
7.8436E-2	1.0344E+0	-7.3600E+2
7.9259E-2	1.0329E+0	-4.9700E+2
8.0200E-2	1.0322E+0	-5.4200E+2
8.1259E-2	1.0317E+0	1.6300E+2
8.2201E-2	1.0324E+0	-6.5200E+2
8.3142E-2	1.0332E+0	-1.2310E+3
8.3965E-2	1.0317E+0	-6.3900E+2
8.4907E-2	1.0317E+0	-4.2700E+2
8.5966E-2	1.0324E+0	-4.8300E+2
8.6907E-2	1.0320E+0	-3.8900E+2
8.7848E-2	1.0324E+0	-6.7400E+2
8.8672E-2	1.0312E+0	-2.9400E+2
8.9613E-2	1.0320E+0	-5.1900E+2
9.0672E-2	1.0315E+0	-2.3300E+2
9.1613E-2	1.0317E+0	-8.6200E+2
9.2554E-2	1.0327E+0	1.0100E+2
9.3378E-2	1.0322E+0	-6.3500E+2
9.4319E-2	1.0322E+0	-1.0930E+3
9.5378E-2	1.0324E+0	-9.2100E+2
9.6319E-2	1.0332E+0	-5.0700E+2
9.7261E-2	1.0329E+0	-4.8300E+2
9.8202E-2	1.0327E+0	-6.5700E+2
9.9025E-2	1.0305E+0	-4.1600E+2
1.0008E-1	1.0300E+0	-7.0900E+2
1.0103E-1	1.0310E+0	-4.6600E+2
1.0197E-1	1.0305E+0	-5.8500E+2
1.0291E-1	1.0315E+0	-2.9600E+2
1.0373E-1	1.0312E+0	-5.4000E+2
1.0467E-1	1.0305E+0	-5.2700E+2
1.0573E-1	1.0310E+0	-1.1800E+2
1.0667E-1	1.0312E+0	-4.0800E+2
1.0761E-1	1.0300E+0	-1.1230E+3
1.0844E-1	1.0305E+0	-8.7100E+2
1.0938E-1	1.0300E+0	-6.2700E+2
1.1044E-1	1.0293E+0	-3.9700E+2
1.1138E-1	1.0281E+0	-7.2800E+2
1.1232E-1	1.0303E+0	-8.3600E+2
1.1314E-1	1.0305E+0	-4.9300E+2
1.1409E-1	1.0295E+0	1.1900E+2
1.1514E-1	1.0293E+0	-2.5200E+2
1.1609E-1	1.0305E+0	-1.0400E+2
1.1703E-1	1.0288E+0	-2.2900E+2
1.1785E-1	1.0300E+0	2.2600E+2
1.1879E-1	1.0295E+0	-1.9100E+2
1.1985E-1	1.0293E+0	-2.5700E+2
1.2079E-1	1.0293E+0	-5.5100E+2
1.2173E-1	1.0266E+0	-6.5400E+2
1.2256E-1	1.0293E+0	-7.2700E+2
1.2350E-1	1.0269E+0	-2.3500E+2
1.2456E-1	1.0278E+0	-5.3500E+2
1.2550E-1	1.0278E+0	-4.2600E+2
1.2644E-1	1.0261E+0	2.2200E+2
1.2726E-1	1.0271E+0	-4.7800E+2
1.2820E-1	1.0271E+0	-3.0700E+2
1.2915E-1	1.0283E+0	-9.1000E+1
1.3020E-1	1.0276E+0	-7.3700E+2
1.3115E-1	1.0249E+0	-4.8000E+1
1.3197E-1	1.0269E+0	-5.3700E+2
1.3291E-1	1.0276E+0	-9.8500E+2
1.3385E-1	1.0247E+0	-2.3300E+2
1.3491E-1	1.0254E+0	-1.8400E+2
1.3585E-1	1.0259E+0	-7.1400E+2
1.3668E-1	1.0259E+0	-5.3000E+1
1.3762E-1	1.0252E+0	-5.8000E+1
1.3856E-1	1.0256E+0	-6.1800E+2
1.3962E-1	1.0244E+0	-4.1000E+2
1.4056E-1	1.0242E+0	-1.9900E+2
1.4138E-1	1.0244E+0	-3.6500E+2
1.4232E-1	1.0239E+0	-8.8300E+2
1.4326E-1	1.0249E+0	-6.2400E+2
1.4432E-1	1.0222E+0	-3.8900E+2
1.4526E-1	1.0244E+0	-4.1500E+2
1.4621E-1	1.0222E+0	-1.6400E+2
1.4703E-1	1.0230E+0	-5.2800E+2
1.4797E-1	1.0210E+0	-5.8300E+2
1.4903E-1	1.0218E+0	-3.0600E+2
1.4997E-1	1.0227E+0	-1.1940E+3
1.5091E-1	1.0198E+0	-3.4300E+2
1.5174E-1	1.0193E+0	-7.2200E+2
1.5268E-1	1.0201E+0	-6.0900E+2
1.5362E-1	1.0196E+0	-1.3400E+2
1.5468E-1	1.0196E+0	-6.2200E+2
1.5562E-1	1.0193E+0	-6.4400E+2
1.5644E-1	1.0188E+0	-8.0700E+2
1.5738E-1	1.0188E+0	-4.3700E+2
1.5832E-1	1.0174E+0	-4.8400E+2
1.5938E-1	1.0171E+0	-5.9500E+2
1.6032E-1	1.0154E+0	1.4700E+2
1.6115E-1	1.0142E+0	-5.1200E+2
1.6209E-1	1.0142E+0	5.1000E+1
1.6303E-1	1.0123E+0	-4.8900E+2
1.6409E-1	1.0135E+0	-2.8800E+2
1.6503E-1	1.0120E+0	-5.3000E+2
1.6585E-1	1.0111E+0	-2.9000E+2
1.6680E-1	1.0098E+0	2.7600E+2
1.6774E-1	1.0084E+0	-8.1100E+2
1.6880E-1	1.0096E+0	1.5000E+1
1.6974E-1	1.0062E+0	3.4400E+2
1.7056E-1	1.0060E+0	-2.7900E+2
1.7150E-1	1.0052E+0	-4.0800E+2
1.7244E-1	1.0043E+0	-3.7400E+2
1.7350E-1	1.0045E+0	-4.1100E+2
1.7444E-1	1.0026E+0	8.8000E+1
1.7527E-1	1.0011E+0	5.0000E+2
1.7621E-1	1.0013E+0	5.6900E+2
1.7715E-1	9.9794E-1	-4.8800E+2
1.7809E-1	9.9794E-1	-4.1400E+2
1.7915E-1	9.9600E-1	-7.4200E+2
1.7997E-1	9.9552E-1	-1.2200E+2
1.8091E-1	9.9406E-1	-2.8100E+2
1.8186E-1	9.9211E-1	1.3000E+1
1.8280E-1	9.9114E-1	-2.2800E+2
1.8386E-1	9.8993E-1	1.1500E+2
1.8468E-1	9.8604E-1	-7.6000E+1
1.8562E-1	9.8483E-1	-1.9100E+2
1.8656E-1	9.8410E-1	2.5300E+2
1.8750E-1	9.8313E-1	-1.4300E+2
1.8856E-1	9.7900E-1	-1.7100E+2
1.8939E-1	9.7730E-1	3.7500E+2
1.9033E-1	9.7462E-1	-5.2300E+2
1.9127E-1	9.7414E-1	-2.6200E+2
1.9221E-1	9.7244E-1	1.6100E+2
1.9327E-1	9.6928E-1	3.9600E+2
1.9421E-1	9.6685E-1	7.2500E+2
1.9503E-1	9.6539E-1	-1.2000E+1
1.9597E-1	9.6150E-1	2.0800E+2
1.9692E-1	9.6005E-1	4.3800E+2
1.9797E-1	9.5762E-1	3.9800E+2
1.9880E-1	9.5300E-1	1.5200E+2
1.9974E-1	9.5227E-1	7.4000E+1
2.0068E-1	9.4863E-1	5.8000E+1
2.0162E-1	9.4596E-1	5.5500E+2
2.0256E-1	9.4304E-1	2.7700E+2
2.0350E-1	9.3867E-1	5.9800E+2
2.0445E-1	9.3648E-1	3.6400E+2
2.0539E-1	9.3357E-1	8.7900E+2
2.0633E-1	9.3114E-1	8.0600E+2
2.0727E-1	9.2847E-1	5.8900E+2
2.0821E-1	9.2361E-1	7.1100E+2
2.0915E-1	9.2069E-1	3.0600E+2
2.1009E-1	9.1680E-1	7.4400E+2
2.1103E-1	9.1559E-1	1.7600E+2
2.1197E-1	9.0976E-1	1.0820E+3
2.1292E-1	9.0514E-1	9.8900E+2
2.1386E-1	9.0247E-1	4.7500E+2
2.1480E-1	8.9737E-1	3.1000E+2
2.1574E-1	8.9518E-1	1.2010E+3
2.1668E-1	8.9008E-1	6.8000E+2
2.1762E-1	8.8620E-1	5.7400E+2
2.1856E-1	8.8304E-1	7.6600E+2
2.1950E-1	8.7745E-1	1.0700E+3
2.2045E-1	8.7526E-1	1.1040E+3
2.2139E-1	8.7113E-1	1.3050E+3
2.2233E-1	8.6457E-1	1.5010E+3
2.2327E-1	8.6166E-1	5.9600E+2
2.2421E-1	8.5583E-1	9.4800E+2
2.2515E-1	8.5243E-1	7.5700E+2
2.2609E-1	8.4927E-1	9.1900E+2
2.2703E-1	8.4320E-1	7.0500E+2
2.2798E-1	8.3858E-1	1.3210E+3
2.2892E-1	8.3421E-1	1.6490E+3
2.2986E-1	8.2983E-1	9.7800E+2
2.3080E-1	8.2619E-1	1.3760E+3
2.3174E-1	8.2133E-1	1.3690E+3
2.3268E-1	8.1502E-1	5.9900E+2
2.3362E-1	8.0943E-1	1.2700E+3
2.3456E-1	8.0676E-1	1.6480E+3
2.3551E-1	8.0165E-1	1.2680E+3
2.3645E-1	7.9704E-1	1.3200E+3
2.3739E-1	7.9145E-1	1.4700E+3
2.3833E-1	7.8586E-1	1.3980E+3
2.3927E-1	7.8198E-1	1.5080E+3
2.4021E-1	7.7882E-1	9.8700E+2
2.4115E-1	7.7202E-1	1.2660E+3
2.4209E-1	7.6764E-1	1.3360E+3
2.4304E-1	7.6424E-1	1.0340E+3
2.4398E-1	7.5866E-1	7.5000E+2
2.4492E-1	7.5258E-1	1.9720E+3
2.4586E-1	7.5015E-1	1.4820E+3
2.4680E-1	7.4602E-1	6.8200E+2
2.4774E-1	7.4141E-1	1.3850E+3
2.4868E-1	7.3461E-1	2.2580E+3
2.4962E-1	7.3266E-1	1.7780E+3
2.5057E-1	7.2683E-1	1.6470E+3
2.5139E-1	7.2440E-1	1.4210E+3
2.5245E-1	7.2076E-1	1.4060E+3
2.5339E-1	7.1347E-1	1.3100E+3
2.5433E-1	7.1104E-1	1.5540E+3
2.5527E-1	7.0837E-1	1.4040E+3
2.5610E-1	7.0181E-1	1.9820E+3
2.5715E-1	6.9914E-1	1.2730E+3
2.5810E-1	6.9525E-1	1.3950E+3
2.5904E-1	6.9209E-1	1.6340E+3
2.5998E-1	6.8748E-1	1.1240E+3
2.6080E-1	6.8432E-1	1.1960E+3
2.6186E-1	6.8019E-1	1.2450E+3
2.6280E-1	6.7703E-1	1.3670E+3
2.6374E-1	6.7290E-1	1.5220E+3
2.6468E-1	6.7193E-1	1.2270E+3
2.6551E-1	6.6877E-1	1.1220E+3
2.6657E-1	6.6391E-1	1.5470E+3
2.6751E-1	6.6100E-1	1.2990E+3
2.6845E-1	6.5832E-1	1.8470E+3
2.6939E-1	6.5492E-1	1.5700E+3
2.7033E-1	6.5322E-1	1.0620E+3
2.7127E-1	6.5128E-1	6.8300E+2
2.7221E-1	6.4885E-1	1.0980E+3
2.7316E-1	6.4715E-1	1.5630E+3
2.7410E-1	6.4472E-1	1.3510E+3
2.7504E-1	6.4229E-1	1.0020E+3
2.7586E-1	6.4059E-1	1.3260E+3
2.7692E-1	6.4083E-1	1.0460E+3
2.7786E-1	6.3743E-1	1.1780E+3
2.7880E-1	6.3670E-1	1.6380E+3
2.7974E-1	6.3573E-1	1.2360E+3
2.8057E-1	6.3403E-1	6.6400E+2
2.8163E-1	6.3355E-1	9.1900E+2
2.8257E-1	6.3112E-1	7.4900E+2
2.8351E-1	6.3087E-1	4.7400E+2
2.8445E-1	6.3136E-1	7.5600E+2
2.8527E-1	6.2990E-1	7.3900E+2
2.8633E-1	6.3063E-1	1.1430E+3
2.8727E-1	6.2771E-1	3.3800E+2
2.8822E-1	6.3087E-1	9.7200E+2
2.8916E-1	6.2820E-1	3.3900E+2
2.8998E-1	6.3160E-1	7.4500E+2
2.9104E-1	6.3184E-1	1.1390E+3
2.9198E-1	6.3014E-1	6.1100E+2
2.9292E-1	6.3063E-1	1.0640E+3
2.9386E-1	6.3184E-1	1.0510E+3
2.9469E-1	6.3355E-1	7.4200E+2
2.9575E-1	6.3452E-1	5.7800E+2
2.9669E-1	6.3379E-1	9.1200E+2
2.9763E-1	6.3403E-1	9.3400E+2
2.9857E-1	6.3573E-1	4.8600E+2
2.9939E-1	6.3913E-1	-2.3200E+2
3.0033E-1	6.3913E-1	4.4500E+2
3.0139E-1	6.4083E-1	1.3170E+3
3.0233E-1	6.4375E-1	-2.2500E+2
3.0328E-1	6.4375E-1	3.2900E+2
3.0410E-1	6.4642E-1	-2.4000E+1
3.0504E-1	6.4958E-1	8.5800E+2
3.0610E-1	6.5006E-1	7.5100E+2
3.0704E-1	6.5128E-1	5.0000E+0
3.0798E-1	6.5565E-1	2.5600E+2
3.0881E-1	6.5711E-1	-3.0300E+2
3.0975E-1	6.6027E-1	1.1200E+2
3.1081E-1	6.6245E-1	7.2400E+2
3.1175E-1	6.6683E-1	-1.4500E+2
3.1269E-1	6.6926E-1	2.0600E+2
3.1351E-1	6.7314E-1	-8.0000E+0
3.1445E-1	6.7630E-1	-5.5300E+2
3.1551E-1	6.7752E-1	2.4600E+2
3.1645E-1	6.8189E-1	6.1600E+2
3.1739E-1	6.8723E-1	2.7700E+2
3.1834E-1	6.8942E-1	-2.0200E+2
3.1916E-1	6.9355E-1	-2.1000E+1
3.2022E-1	6.9622E-1	-6.5700E+2
3.2116E-1	7.0205E-1	-3.1700E+2
3.2210E-1	7.0448E-1	-6.7700E+2
3.2304E-1	7.0861E-1	5.8000E+1
3.2387E-1	7.1298E-1	-1.9400E+2
3.2481E-1	7.1590E-1	-1.0200E+2
3.2587E-1	7.1979E-1	-4.8600E+2
3.2681E-1	7.2465E-1	-6.3900E+2
3.2775E-1	7.3048E-1	-1.0220E+3
3.2857E-1	7.3315E-1	-7.7200E+2
3.2951E-1	7.3898E-1	-1.0000E+1
3.3057E-1	7.4238E-1	-1.2800E+2
3.3151E-1	7.4870E-1	-6.8000E+2
3.3245E-1	7.5258E-1	-8.8100E+2
3.3328E-1	7.5647E-1	-3.4000E+2
3.3422E-1	7.6157E-1	-4.2000E+2
3.3528E-1	7.6667E-1	-9.7600E+2
3.3622E-1	7.7202E-1	-4.6800E+2
3.3716E-1	7.7590E-1	-9.3700E+2
3.3798E-1	7.8125E-1	-8.2300E+2
3.3893E-1	7.8611E-1	-6.5800E+2
3.3998E-1	7.9024E-1	-9.7000E+2
3.4093E-1	7.9364E-1	-2.1700E+2
3.4187E-1	7.9752E-1	-9.7300E+2
3.4269E-1	8.0311E-1	-8.7800E+2
3.4363E-1	8.0870E-1	-8.1500E+2
3.4469E-1	8.1283E-1	-2.0200E+2
3.4563E-1	8.1623E-1	-7.6300E+2
3.4657E-1	8.2085E-1	-6.0800E+2
3.4740E-1	8.2692E-1	-4.8300E+2
3.4834E-1	8.3178E-1	-6.9600E+2
3.4928E-1	8.3664E-1	-7.5200E+2
3.5034E-1	8.4052E-1	-9.8800E+2
3.5128E-1	8.4441E-1	-6.4100E+2
3.5210E-1	8.5097E-1	-7.5700E+2
3.5304E-1	8.5073E-1	-5.7100E+2
3.5399E-1	8.5704E-1	-7.5000E+2
3.5504E-1	8.6020E-1	-7.0500E+2
3.5599E-1	8.6336E-1	-8.6300E+2
3.5681E-1	8.6895E-1	-1.1290E+3
3.5775E-1	8.7308E-1	-1.0830E+3
3.5869E-1	8.7696E-1	-8.5100E+2
3.5975E-1	8.8182E-1	-6.3400E+2
3.6069E-1	8.8449E-1	-8.5100E+2
3.6152E-1	8.8838E-1	-1.6100E+2
3.6246E-1	8.9203E-1	-9.2100E+2
3.6340E-1	8.9470E-1	-6.6700E+2
3.6446E-1	9.0053E-1	-7.3400E+2
3.6540E-1	9.0344E-1	-3.5600E+2
3.6634E-1	9.0660E-1	-1.0530E+3
3.6716E-1	9.0709E-1	-4.5000E+2
3.6810E-1	9.1146E-1	-9.8000E+2
3.6916E-1	9.1316E-1	-8.8400E+2
3.7010E-1	9.1899E-1	-1.2210E+3
3.7105E-1	9.2142E-1	-5.2300E+2
3.7187E-1	9.2482E-1	-5.0900E+2
3.7281E-1	9.2871E-1	-6.3100E+2
3.7375E-1	9.3041E-1	-9.8700E+2
3.7481E-1	9.3308E-1	-6.5800E+2
3.7575E-1	9.3551E-1	-5.0200E+2
3.7658E-1	9.3843E-1	-6.1100E+2
3.7752E-1	9.4061E-1	-7.9600E+2
3.7846E-1	9.4328E-1	-7.6600E+2
3.7952E-1	9.4644E-1	-4.8800E+2
3.8046E-1	9.4887E-1	-7.2600E+2
3.8128E-1	9.5179E-1	-4.1500E+2
3.8222E-1	9.5422E-1	-9.3300E+2
3.8316E-1	9.5640E-1	-5.2300E+2
3.8422E-1	9.5737E-1	-8.4100E+2
3.8516E-1	9.5737E-1	-9.0500E+2
3.8599E-1	9.6175E-1	-5.2800E+2
3.8693E-1	9.6321E-1	-6.6300E+2
3.8787E-1	9.6442E-1	-1.1000E+1
3.8893E-1	9.6563E-1	-3.6500E+2
3.8987E-1	9.6685E-1	-4.5100E+2
3.9069E-1	9.6928E-1	-3.0200E+2
3.9164E-1	9.7171E-1	-2.6600E+2
3.9258E-1	9.7268E-1	-6.9200E+2
3.9364E-1	9.7244E-1	-9.2500E+2
3.9458E-1	9.7535E-1	-1.0960E+3
3.9540E-1	9.7778E-1	-6.5100E+2
3.9634E-1	9.7754E-1	-7.2400E+2
3.9728E-1	9.7997E-1	-8.8800E+2
3.9822E-1	9.8070E-1	-1.1390E+3
3.9928E-1	9.8215E-1	-1.5200E+2
4.0011E-1	9.8361E-1	-2.4400E+2
4.0105E-1	9.8507E-1	-7.8200E+2
4.0199E-1	9.8555E-1	-1.1870E+3
4.0293E-1	9.8507E-1	-7.5200E+2
4.0399E-1	9.8774E-1	-7.3800E+2
4.0481E-1	9.8823E-1	-8.0900E+2
4.0575E-1	9.8677E-1	-2.3800E+2
4.0670E-1	9.8871E-1	-5.8800E+2
4.0764E-1	9.8993E-1	-5.6200E+2
4.0870E-1	9.8871E-1	-8.2200E+2
4.0952E-1	9.9163E-1	-7.2700E+2
4.1046E-1	9.9139E-1	-4.0000E+2
4.1140E-1	9.9284E-1	-1.0820E+3
4.1234E-1	9.9260E-1	-8.4100E+2
4.1340E-1	9.9260E-1	-8.3900E+2
4.1434E-1	9.9454E-1	-3.0300E+2
4.1517E-1	9.9503E-1	-5.4900E+2
4.1611E-1	9.9503E-1	-2.7600E+2
4.1705E-1	9.9697E-1	-1.1840E+3
4.1811E-1	9.9454E-1	-5.7000E+2
4.1905E-1	9.9600E-1	-5.0200E+2
4.1987E-1	9.9770E-1	-1.0410E+3
4.2081E-1	9.9794E-1	-1.0110E+3
4.2176E-1	9.9867E-1	-6.0100E+2
4.2270E-1	9.9819E-1	-9.5000E+1
4.2376E-1	9.9843E-1	-5.4000E+2
4.2458E-1	9.9770E-1	-5.2100E+2
4.2552E-1	9.9722E-1	-3.7900E+2
4.2646E-1	9.9843E-1	-2.9200E+2
4.2740E-1	9.9892E-1	-5.5600E+2
4.2846E-1	1.0001E+0	-1.1720E+3
4.2929E-1	9.9867E-1	-4.9400E+2
